0
0.3902
-0.2084
-0.9456
-1.5252
-1.4878
-0.9362
-0.3008
0.1738
0.4232
0.58
0.6162
0.6638
0.714
0.6736
0.4902
0.2076
-0.0356
-0.2742
-0.5148
-0.743
-0.8116
-0.6926
-0.4586
-0.2252
-0.0358
0.0884
0.1646
0.2296
0.2944
0.3594
0.342
0.2344
0.0744
-0.0446
-0.1582
-0.3072
-0.5404
-0.8226
-1.129
-1.2896
-1.1744
-0.8684
-0.505
-0.2424
-0.0798
-0.0018
0.0402
0.0382
-0.0366
-0.1062
-0.1896
-0.3524
-0.5728
-0.7608
-0.8152
-0.7436
-0.5908
-0.4188
-0.275
-0.1692
-0.1152
-0.0918
-0.0222
0.0808
0.1668
0.1928
0.1738
0.1122
0.0302
-0.0188
-0.0212
0.036
0.1132
0.1834
0.2502
0.3372
0.4322
0.5484
0.6178
0.6898
0.7106
0.7342
0.7652
0.8604
0.9364
0.9938
1.002
1.0564
1.0846
1.0522
1.0152
1.0654
1.0806
1.0686
0.9396
0.7534
0.4216
-0.156
-0.9184
-1.5496
-1.5656
-1.0396
-0.347
0.074
0.0954
0.0452
0.1934
0.4952
0.7064
0.7484
0.6768
0.5554
0.3896
0.175
-0.0804
-0.3638
-0.5414
-0.6104
-0.5572
-0.4746
-0.3558
-0.2774
-0.2618
-0.2098
-0.0768
0.1544
0.3314
0.344
0.2758
0.1966
0.1524
0.0512
-0.1778
-0.5766
-0.9854
-1.1486
-1.0792
-0.9022
-0.754
-0.6944
-0.628
-0.4954
-0.2868
-0.1032
0.0324
0.0686
0.0614
-0.0164
-0.15
-0.3214
-0.4698
-0.5188
-0.4894
-0.4244
-0.3724
-0.3628
-0.3536
-0.2904
-0.1248
0.0954
0.2766
0.3658
0.3398
0.2748
0.212
0.1986
0.2212
0.2536
0.2572
0.2384
0.236
0.299
0.4128
0.531
0.591
0.5862
0.5882
0.6318
0.7132
0.7668
0.7904
0.797
0.7992
0.8534
0.943
1.0018
0.9928
0.8984
0.8138
0.7758
0.8436
0.9306
0.9302
0.8156
0.5546
0.1452
-0.3462
-0.6958
-0.765
-0.5232
-0.1416
0.1058
0.0544
-0.1472
-0.2834
-0.1766
0.1088
0.3634
0.3908
0.2206
-0.0078
-0.1512
-0.1414
-0.0486
0.0172
0.0024
-0.0544
-0.099
-0.09
-0.035
0.0152
0.0094
-0.0388
-0.0874
-0.0996
-0.0888
-0.0692
-0.0852
-0.1288
-0.1752
-0.202
-0.2
-0.1978
-0.2186
-0.2616
-0.2902
-0.2678
-0.2072
-0.142
-0.1358
-0.1928
-0.2592
-0.2776
-0.2328
-0.169
-0.1466
-0.1916
-0.2644
-0.3102
-0.2866
-0.2164
-0.1338
-0.1
-0.1242
-0.1648
-0.1962
-0.193
-0.1624
-0.1276
-0.1124
-0.1092
-0.1064
-0.0914
-0.0722
-0.0322
-0.0114
-0.0294
-0.0486
-0.0496
-0.037
-0.0026
0.0256
0.0372
0.0352
0.037
0.0436
0.0442
0.0586
0.089
0.1154
0.1224
0.117
0.1046
0.105
0.129
0.1616
0.1842
0.199
0.2048
0.2044
0.2078
0.2126
0.2084
0.1926
0.1776
0.1704
0.1758
0.1934
0.2184
0.2426
0.2598
0.269
0.2752
0.278
0.2658
0.2256
0.1524
0.0632
-0.001
-0.0088
0.0336
0.0774
0.0782
0.0252
-0.047
-0.0844
-0.0654
-0.0186
0.0118
-0.0058
-0.0504
-0.0932
-0.1132
-0.1126
-0.1018
-0.099
-0.1092
-0.128
-0.15
-0.164
-0.1578
-0.1236
-0.0746
-0.0298
-0.0058
0.0044
0.0024
-0.003
-0.0212
-0.0598
-0.1134
-0.1666
-0.1882
-0.1632
-0.1306
-0.1238
-0.1504
-0.1958
-0.215
-0.1862
-0.1292
-0.0866
-0.0948
-0.1328
-0.1736
-0.178
-0.1416
-0.0868
-0.0578
-0.0576
-0.085
-0.1156
-0.122
-0.0942
-0.0454
0.009
0.0418
0.0432
0.0176
-0.0148
-0.0252
0.0006
0.0418
0.0632
0.0726
0.0692
0.06
0.0568
0.0802
0.0976
0.1186
0.1224
0.1376
0.1532
0.183
0.2158
0.2236
0.2126
0.1824
0.1612
0.1568
0.1792
0.208
0.2252
0.228
0.236
0.2666
0.3248
0.3596
0.361
0.3492
0.3364
0.3814
0.4398
0.4566
0.414
0.36
0.3404
0.3856
0.4572
0.499
0.482
0.3934
0.2326
0.0068
-0.1848
-0.2486
-0.166
-0.0382
0.0006
-0.0878
-0.2064
-0.2486
-0.169
-0.0644
-0.0026
-0.0268
-0.0604
-0.0432
0.019
0.0496
0.0308
0.0044
-0.0002
0.0392
0.078
0.0662
0.0082
-0.0524
-0.0888
-0.1
-0.1514
-0.272
-0.4556
-0.6014
-0.6558
-0.6268
-0.549
-0.5158
-0.5384
-0.5716
-0.5236
-0.404
-0.267
-0.2102
-0.2562
-0.3116
-0.3152
-0.2904
-0.2784
-0.3038
-0.331
-0.3524
-0.3212
-0.2758
-0.2444
-0.2034
-0.1454
-0.0364
0.0728
0.161
0.193
0.2138
0.213
0.2124
0.1976
0.1878
0.1504
0.1744
0.261
0.3356
0.414
0.459
0.4614
0.5544
0.7122
0.8314
0.9124
1.0484
1.0944
1.0462
1.017
1.0248
1.0886
1.2636
1.4548
1.5202
1.443
1.4468
1.4584
0
0
0
0
0
0
0
0
0
0
0
0
0
0
0
0
0
0
0
0
0
0
0
0
0
0
0
0
0
0
0
0
0
0
0
0
0
0
0
0
0
0
0
0
0
0
0
0
0
0
0
0
0
0
0
0
0
0
0
0
0
0
0
0
0
0
0
0
0
0
0
0
0
0
0
0
0
0
0
0
0
0
0
0
0
0
0
0
0
0
0
0
0
0
0
0
0
0
0
0
0
0
0
0
0
0
0
0
0
0
0
0
0
0
0
0
0
0
0
0
0
0
0
0
0
0
0
0
0
0
0
0
0
0
0
0
0
0
0
0
0
0
0
0
0
0
0
0
0
0
0
0
0
0
0
0
0
0
0
0
0
0
0
0
0
0
0
0
0
0
0
0
0
0
0
0
0
0
0
0
0
0
0
0
0
0
0
0
0
0
0
0
0
0
0
0
0
0
0
0