0
0
0
0
0
0
0
0
0
0
0
0
0
0
0
0
0
0
0
0
0
0
0
0
0
0
0
0
0
0
0
0
0
0
0
0
0
0
0
0
0
0
0
0
0
0
0
0
0
0
0
0
0
0
0
0
0
0
0
0
0
0
0
0
0
0
0
0
0
0
0
0
0
0
0
0
0
0
0
0
0
0
0
0
0
0
0
0
0
0
0
0
0
0
0
0
0
0
0
0
0
0.1951
-0.1042
-0.4728
-0.7626
-0.7439
-0.4681
-0.1504
0.0869
0.2116
0.29
0.23006
0.37358
0.54612
0.64184
0.54266
0.29104
0.04236
-0.17186
-0.34204
-0.4875
-0.49002
-0.4999
-0.46666
-0.39984
-0.26472
-0.09094
0.05934
0.18702
0.29248
0.3863
0.39494
0.3221
0.20032
0.0901
-0.02292
-0.15052
-0.30668
-0.48464
-0.67486
-0.79098
-0.73676
-0.55034
-0.31324
-0.1348
-0.01184
0.06938
0.14464
0.20658
0.23694
0.24076
0.17428
0.02092
-0.17796
-0.33638
-0.40746
-0.40216
-0.35748
-0.2993
-0.24308
-0.19232
-0.13712
-0.06226
0.05296
0.16832
0.23846
0.24494
0.20908
0.14368
0.06644
0.01382
-0.00652
0.00112
0.00376
-0.00054
0.01022
0.05568
0.12226
0.20988
0.27536
0.33174
0.34802
0.35072
0.35774
0.4016
0.43484
0.44874
0.43194
0.42974
0.42176
0.38626
0.36336
0.38946
0.39858
0.38056
0.30754
0.21166
0.05362
-0.23444
-0.61434
-0.91626
-0.91478
-0.65946
-0.3131
-0.09068
-0.04658
-0.0287
0.11258
0.38444
0.64534
0.78934
0.75304
0.59216
0.37226
0.17956
0.03468
-0.1156
-0.26722
-0.41984
-0.51172
-0.54194
-0.46982
-0.35374
-0.24352
-0.1325
-0.01278
0.15448
0.29332
0.3436
0.31998
0.26806
0.21504
0.13662
0.00242
-0.22884
-0.48538
-0.64156
-0.66002
-0.58094
-0.48788
-0.43398
-0.38006
-0.28568
-0.13402
0.04274
0.2056
0.27946
0.27968
0.20664
0.10338
-0.00216
-0.09406
-0.1552
-0.20512
-0.24922
-0.29122
-0.30998
-0.297
-0.23214
-0.1078
0.04254
0.16946
0.23712
0.2391
0.21196
0.18372
0.17872
0.18746
0.18324
0.13856
0.06798
0.0157
0.02446
0.0895
0.1681
0.21586
0.2171
0.2145
0.23614
0.29268
0.34526
0.37566
0.37528
0.35102
0.34798
0.3745
0.40352
0.40088
0.3482
0.28998
0.25838
0.28732
0.3358
0.34654
0.29022
0.1478
-0.06914
-0.31284
-0.4644
-0.47394
-0.34008
-0.16048
-0.05352
-0.07892
-0.15138
-0.15832
-0.01716
0.22292
0.4107
0.42978
0.29252
0.10878
-0.0037
0.01144
0.0867
0.12074
0.05104
-0.08358
-0.19176
-0.19966
-0.11394
-0.005
0.04552
0.01432
-0.0487
-0.08158
-0.06254
-0.01284
0.01354
-0.00732
-0.05854
-0.10482
-0.117
-0.10528
-0.09668
-0.10916
-0.1271
-0.1255
-0.09646
-0.05424
-0.03636
-0.05448
-0.08866
-0.10312
-0.08142
-0.04214
-0.02414
-0.04916
-0.09928
-0.13958
-0.13366
-0.08984
-0.03506
-0.01426
-0.0374
-0.07476
-0.0978
-0.08496
-0.04904
-0.01596
-0.01246
-0.0306
-0.05236
-0.05346
-0.03454
-0.00004
0.01888
0.00474
-0.01826
-0.0303
-0.02468
-0.0011
0.0207
0.02688
0.01962
0.00846
0.00446
0.00868
0.02278
0.04166
0.05386
0.0508
0.04274
0.03572
0.03824
0.05388
0.07094
0.08032
0.08292
0.07964
0.07542
0.07916
0.08546
0.087
0.07882
0.0667
0.05724
0.05548
0.06276
0.07714
0.09196
0.10058
0.10368
0.10638
0.11098
0.11028
0.09488
0.05946
0.01282
-0.0237
-0.03248
-0.01438
0.00616
0.0049
-0.02374
-0.0589
-0.07028
-0.0456
-0.0026
0.02794
0.02312
-0.00594
-0.03518
-0.04472
-0.03354
-0.01492
-0.01006
-0.02628
-0.05396
-0.07746
-0.08172
-0.06546
-0.03542
-0.00684
0.01014
0.01276
0.01356
0.0165
0.02224
0.02058
0.00232
-0.03018
-0.0679
-0.0905
-0.0869
-0.07432
-0.07268
-0.0866
-0.1101
-0.11826
-0.09754
-0.0577
-0.02234
-0.01722
-0.03674
-0.06126
-0.0638
-0.04048
-0.00454
0.01198
0.00246
-0.028
-0.05714
-0.06086
-0.03686
-0.00104
0.02772
0.03418
0.01938
-0.00114
-0.0145
-0.00852
0.01476
0.03582
0.03716
0.02802
0.015
0.00748
0.01108
0.0308
0.046
0.05584
0.04952
0.04824
0.05454
0.07244
0.09496
0.10398
0.09926
0.07692
0.0596
0.05216
0.06518
0.08066
0.08828
0.08466
0.08176
0.09458
0.12556
0.15134
0.15802
0.1551
0.1446
0.16286
0.19018
0.201
0.18138
0.14904
0.1265
0.13912
0.17252
0.19534
0.19164
0.14122
0.05086
-0.06512
-0.1516
-0.16964
-0.1186
-0.06026
-0.05504
-0.10878
-0.16596
-0.16484
-0.08704
0.0121
0.07706
0.07232
0.03704
0.0246
0.0551
0.09226
0.10488
0.09126
0.05696
0.03316
0.02104
0.0136
-0.00042
-0.02138
-0.04814
-0.0687
-0.1025
-0.16174
-0.24466
-0.31498
-0.34376
-0.32932
-0.28218
-0.25174
-0.24954
-0.26084
-0.22844
-0.14716
-0.0424
0.0191
0.01086
-0.02382
-0.04698
-0.04728
-0.0404
-0.04758
-0.07592
-0.1226
-0.15276
-0.156
-0.13654
-0.10206
-0.06456
-0.0117
0.03824
0.0841
0.11034
0.13698
0.14404
0.14034
0.12206
0.10342
0.07276
0.06544
0.0881
0.10522
0.1353
0.1515
0.15598
0.20714
0.29214
0.3578
0.41158
0.48568
0.50228
0.47208
0.445
0.44198
0.47332
0.54216
0.60472
0.6126
0.55406
0.53116
0.53642
-0.17568
-0.162
-0.15906
-0.17158
-0.19728
-0.21974
-0.2209
-0.19736
-0.18452
-0.18224
0.10462
0.1017
0.10248
0.10886
0.12636
0.14548
0.15202
0.1443
0.14468
0.14584
0
0
0
0
0
0
0
0
0
0
0
0
0
0
0
0
0
0
0
0
0
0
0
0
0
0
0
0
0
0
0
0
0
0
0
0
0
0
0
0
0
0
0
0
0
0
0
0
0
0
0
0
0
0
0
0
0
0
0
0
0
0
0
0
0
0
0
0
0
0
0
0
0
0
0
0
0
0
0
0