0.956893455
0.209066742
-0.268984842
-0.623679863
-0.293052661
0.48308068
0.822257347
0.724189957
0.23083555
-0.296141964
-0.312522452
-0.252676197
-0.04554925
-0.030030894
-0.213736619
-0.193835765
-0.184208635
-0.165960197
-0.16006897
-0.415475249
-0.394424887
-0.318198148
-0.282491558
-0.215029815
-0.412242258
-0.579136431
-0.556218119
-0.433867375
-0.11753718
0.149867088
0.358430921
0.449457576
0.352467849
0.469861341
0.597815936
1
0.659817517
-0.070622889
-0.478698182
-0.570946188
0.072275308
0.708456067
0.836626194
0.537323084
-0.058121992
-0.355413464
-0.288023566
-0.161434011
0.019829012
-0.118974063
-0.232775343
-0.176018391
-0.181191177
-0.153602989
-0.283569222
-0.40125009
-0.290897335
-0.211222071
-0.204396868
-0.382211367
-0.593146059
-0.639988505
-0.481069042
-0.262447015
0.017242619
0.212802643
0.402686974
0.365974567
0.384007472
0.457288599
0.742582083