0.02
0.008
-0.001
-0.002
0
-0.001
-0.007
-0.014
-0.012
0
0.013
0.015
0.004
-0.013
-0.023
-0.018
-0.002
0.014
0.018
0.01
-0.005
-0.014
-0.011
-0.002
0.007
0.01
0.01
0.012
0.017
0.017
0.006
-0.007
-0.017
-0.018
-0.015
-0.013
-0.011
-0.002
0.01
0.017
0.01
-0.005
-0.014
-0.004
0.015
0.027
0.018
-0.002
-0.016
-0.012
0.001
0.01
0.007
-0.001
-0.003
0.001
0.006
0.003
-0.004
-0.008
-0.004
0.001
0
-0.004
-0.003
0.004
0.011
0.002
-0.014
-0.021
-0.005
0.021
0.037
0.025
0
-0.014
-0.006
0.006
0.008
-0.004
-0.016
-0.014
0
0.012
0.015
0.011
0.005
0.005
0.007
0.007
0.001
-0.009
-0.019
-0.022
-0.014
0
0.013
0.021
0.022
0.018
0.011
-0.002
-0.016
-0.025
-0.024
-0.014
0.001
0.012
0.015
0.006
-0.009
-0.022
-0.02
0
0.024
0.039
0.037
0.025
0.009
-0.007
-0.024
-0.037
-0.033
-0.009
0.023
0.044
0.041
0.017
-0.01
-0.031
-0.039
-0.035
-0.019
0
0.016
0.019
0.009
-0.004
-0.014
-0.012
-0.002
0.011
0.021
0.022
0.014
0.003
-0.003
-0.006
-0.013
-0.027
-0.037
-0.03
-0.002
0.03
0.046
0.036
0.008
-0.018
-0.03
-0.025
-0.006
0.02
0.041
0.043
0.022
-0.007
-0.033
-0.041
-0.035
-0.02
0
0.024
0.041
0.037
0.007
-0.03
-0.05
-0.035
0.001
0.033
0.044
0.033
0.014
-0.003
-0.022
-0.039
-0.046
-0.031
0.001
0.032
0.041
0.023
-0.006
-0.024
-0.021
-0.002
0.018
0.029
0.025
0.012
-0.002
-0.006
0
0.01
0.012
0.002
-0.012
-0.023
-0.027
-0.023
-0.013
0.005
0.028
0.036
0.015
-0.027
-0.058
-0.048
-0.001
0.045
0.055
0.028
-0.007
-0.023
-0.017
-0.005
0
0.001
0.008
0.025
0.041
0.043
0.021
-0.015
-0.05
-0.064
-0.045
-0.004
0.034
0.05
0.038
0.011
-0.014
-0.03
-0.033
-0.028
-0.011
0.015
0.042
0.054
0.039
0.002
-0.037
-0.054
-0.037
0
0.034
0.044
0.027
0
-0.022
-0.03
-0.027
-0.017
-0.005
0.01
0.025
0.032
0.023
0.001
-0.022
-0.029
-0.014
0.011
0.029
0.03
0.015
-0.002
-0.011
-0.012
-0.01
-0.01
-0.012
-0.011
-0.004
0.009
0.021
0.025
0.013
-0.006
-0.018
-0.014
0.001
0.011
0.001
-0.016
-0.025
-0.01
0.017
0.036
0.03
0
-0.035
-0.056
-0.051
-0.019
0.023
0.055
0.06
0.037
0.004
-0.018
-0.021
-0.014
-0.009
-0.008
-0.006
0.004
0.021
0.032
0.023
-0.005
-0.036
-0.052
-0.042
-0.013
0.016
0.032
0.027
0.007
-0.011
-0.018
-0.006
0.012
0.021
0.012
-0.008
-0.02
-0.012
0.007
0.02
0.015
-0.003
-0.016
-0.01
0.009
0.026
0.023
0
-0.03
-0.049
-0.046
-0.025
0.002
0.026
0.037
0.038
0.028
0.011
-0.007
-0.015
-0.007
0.008
0.019
0.013
-0.007
-0.027
-0.035
-0.029
-0.018
-0.011
-0.009
-0.01
-0.008
-0.001
0.011
0.021
0.022
0.007
-0.014
-0.025
-0.013
0.014
0.037
0.038
0.026
0.017
0.015
0.007
-0.016
-0.043
-0.051
-0.032
-0.002
0.009
0
-0.019
-0.027
-0.023
-0.011
0.002
0.02
0.037
0.044
0.034
0.012
-0.009
-0.025
-0.033
-0.03
-0.012
0.018
0.047
0.049
0.015
-0.038
-0.078
-0.078
-0.039
0.012
0.048
0.051
0.027
-0.005
-0.024
-0.019
0.004
0.03
0.037
0.018
-0.015
-0.042
-0.043
-0.019
0.018
0.048
0.054
0.029
-0.019
-0.069
-0.087
-0.054
0.018
0.085
0.098
0.045
-0.032
-0.083
-0.079
-0.037
0.004
0.026
0.032
0.033
0.028
0.007
-0.027
-0.056
-0.055
-0.02
0.028
0.064
0.069
0.043
0
-0.043
-0.068
-0.067
-0.037
0.011
0.064
0.1
0.097
0.051
-0.021
-0.09
-0.121
-0.099
-0.035
0.037
0.082
0.078
0.03
-0.03
-0.063
-0.051
-0.009
0.031
0.054
0.057
0.051
0.035
0.005
-0.033
-0.064
-0.066
-0.041
-0.005
0.022
0.034
0.033
0.018
-0.006
-0.033
-0.045
-0.029
0.007
0.039
0.043
0.016
-0.016
-0.032
-0.02
0
0.012
0.009
0.001
0
0.003
0
-0.011
-0.019
-0.011
0.01
0.029
0.028
0.011
-0.006
-0.015
-0.014
-0.014
-0.017
-0.014
0
0.02
0.032
0.024
-0.003
-0.034
-0.045
-0.028
0.005
0.033
0.039
0.026
0.008
-0.005
-0.015
-0.024
-0.026
-0.007
0.028
0.059
0.056
0.012
-0.045
-0.08
-0.075
-0.041
-0.004
0.02
0.033
0.041
0.042
0.029
0.004
-0.019
-0.033
-0.032
-0.022
-0.007
0.007
0.016
0.015
0.007
0.001
0.003
0.013
0.017
0.01
-0.003
-0.012
-0.009
0.003
0.015
0.018
0.007
-0.01
-0.029
-0.038
-0.032
-0.014
0.007
0.024
0.03
0.023
0.006
-0.015
-0.032
-0.034
-0.018
0.009
0.031
0.034
0.017
-0.006
-0.017
-0.009
0.005
0.01
-0.002
-0.013
-0.005
0.018
0.03
0.007
-0.033
-0.054
-0.028
0.027
0.064
0.054
0.002
-0.048
-0.07
-0.055
-0.017
0.023
0.049
0.047
0.022
-0.006
-0.017
-0.004
0.014
0.017
0.004
-0.009
-0.008
0
0.001
-0.011
-0.028
-0.032
-0.019
-0.001
0.009
0.012
0.015
0.022
0.027
0.018
-0.002
-0.022
-0.027
-0.013
0.005
0.015
0.013
0.004
-0.004
-0.007
-0.006
0
0.007
0.015
0.014
0.003
-0.012
-0.023
-0.024
-0.014
0.001
0.015
0.02
0.009
-0.011
-0.026
-0.021
0.004
0.031
0.037
0.013
-0.023
-0.048
-0.042
-0.01
0.028
0.052
0.05
0.025
-0.006
-0.026
-0.024
-0.007
0.006
0.009
0.002
-0.004
-0.006
-0.009
-0.018
-0.027
-0.023
-0.003
0.022
0.036
0.028
0.009
-0.008
-0.015
-0.012
-0.006
0
0.002
0.003
0.004
0.004
0.002
-0.002
-0.003
0.002
0.015
0.025
0.019
-0.002
-0.026
-0.035
-0.022
0
0.011
0.005
-0.009
-0.012
0.001
0.023
0.033
0.019
-0.009
-0.029
-0.022
0.011
0.049
0.077
0.096
0.127
0.175
0.221
0.239
0.232
0.231
0.264
0.309
0.299
0.187
-0.003
-0.202
-0.363
-0.523
-0.759
-1.083
-1.377
-1.446
-1.142
-0.491
0.303
0.964
1.284
1.256
1.063
0.943
0.988
1.057
0.905
0.436
-0.187
-0.696
-0.959
-1.058
-1.088
-0.987
-0.62
-0.042
0.434
0.515
0.234
-0.066
-0.099
0.119
0.378
0.572
0.765
0.974
1.011
0.662
0.021
-0.455
-0.294
0.58
1.787
2.803
3.32
3.332
2.971
2.343
1.51
0.552
-0.413
-1.287
-1.964
-2.235
-1.757
-0.296
1.933
4.243
5.983
7.151
8.39
10.145
11.787
11.702
8.575
2.768
-3.517
-7.577
-7.986
-5.33
-1.411
2.269
5.302
7.793
9.156
7.741
2.051
-7.303
-16.754
-21.182
-17.074
-5.369
8.137
15.79
13.199
3.145
-5.461
-4.196
7.24
19.369
20.156
5.667
-15.545
-28.857
-25.151
-7.222
13.786
27.246
29.166
22.223
12.219
4.374
0.645
-1.334
-6.177
-15.754
-25.792
-28.95
-22.532
-12.058
-5.052
-1.162
8.726
30.581
54.582
58.123
25.897
-30.781
-76.153
-75.931
-26.638
37.36
67.645
39.257
-27.955
-83.051
-84.039
-32.495
27.078
44.718
8.226
-45.983
-65.206
-27.728
37.425
76.129
56.824
-2.565
-51.356
-49.76
-0.338
58.01
83.996
63.87
14.38
-36.474
-68.469
-73.449
-50.487
-5.265
44.778
71.773
53.146
-8.743
-83.249
-131.202
-131.725
-92.759
-38.468
11.332
49.962
76.604
86.395
72.462
38.699
6.479
1.244
26.657
53.323
41.243
-19.111
-88.752
-110.741
-64.819
9.725
50.444
31.888
-13.557
-35.104
-17.966
6.881
4.036
-24.805
-45.67
-33.218
2.072
29.052
31.125
20.317
18.966
34.767
56.193
66.84
58.411
31.997
-4.764
-37.241
-46.348
-21.976
21.876
51.048
38.973
-6.178
-45.254
-43.319
-2.839
38.1
40.339
-2.39
-59.546
-89.273
-69.419
-11.202
50.868
83.832
78.854
54.972
39.722
42.691
47.852
33.855
0.726
-28.153
-32.706
-20.368
-17.237
-34.451
-49.992
-30.81
26.734
84.092
93.246
43.389
-26.173
-60.619
-38.198
13.144
44.694
32.065
-5.691
-28.27
-13.854
21.761
42.89
28.814
-8.544
-38.953
-42.915
-26.264
-9.156
-4.367
-6.992
-2.607
17.14
46.247
68.82
71.383
53.629
29.341
15.121
14.944
15.786
2.428
-20.912
-27.221
7.968
74.519
125.192
113.004
35.712
-57.784
-108.796
-99.712
-66.36
-61.867
-107.423
-174.115
-208.913
-180.025
-103.879
-32.665
-11.84
-40.726
-69.881
-41.595
58.224
183.137
261.841
254.898
180.818
91.515
27.295
-4.057
-13.175
-7.952
7.593
20.938
11.459
-29.421
-82.413
-112.744
-101.335
-60.923
-19.539
8.212
28.709
49.864
62.462
48.259
6.308
-35.582
-41.938
-3.758
49.527
73.175
43.529
-24.696
-92.636
-128.212
-128.718
-119.549
-131.027
-169.851
-207.117
-195.93
-109.261
31.765
165.691
231.349
207.799
121.205
18.492
-63.311
-107.297
-109.777
-75.747
-23.46
15.546
12.698
-35.795
-104.617
-159.277
-180.906
-172.302
-144.076
-101.023
-44.131
18.159
67.089
85.38
71.938
44.654
29.041
42.715
86.063
142.408
185.957
194.453
161.712
103.098
48.974
28.347
51.872
104.307
151.56
159.852
116.718
39.621
-36.374
-84.553
-104.945
-118.537
-142.972
-173.553
-187.298
-163.847
-101.971
-19.025
60.788
117.231
140.001
132.6
112.716
103.739
119.328
153.69
187.591
203.85
196.308
166.189
116.35
54.22
-2.27
-30.71
-23.262
0.998
8.922
-16.892
-60.88
-88.755
-79.593
-44.365
-14.944
-17.047
-52.228
-100.747
-137.901
-149.921
-140.607
-126.721
-125.172
-140.234
-160.769
-170.092
-159.173
-130.989
-94.402
-57.114
-24.943
-3.746
3.039
-0.48
-3.396
3.374
19.55
37.43
49.859
54.168
49.563
35.444
15.515
1.418
6.966
35.443
73.331
99.057
99.691
80.117
56.956
43.935
41.895
40.972
31.81
15.638
4.169
8.723
28.153
47.84
52.46
41.018
28.788
33.061
56.167
82.359
91.429
76.01
47.24
25.348
24.578
44.524
72.562
93.262
97.16
83.953
60.197
34.703
14.539
2.618
-3.147
-8.688
-20.357
-40.538
-65.108
-84.929
-91.056
-80.847
-60.956
-44.156
-40.865
-51.572
-67.361
-78.842
-84.386
-88.306
-91.237
-85.525
-63.347
-28.909
1.148
12.344
6.751
0.995
9.615
31.333
51.172
54.054
35.963
4.989
-24.845
-41.286
-40.43
-30.109
-26.192
-41.111
-72.389
-102.532
-112.65
-98.469
-73.966
-59.279
-63.882
-79.241
-85.817
-67.912
-25.527
24.269
57.387
58.364
31.272
-2.73
-20.241
-11.188
17.379
50.509
76.804
91.92
95.153
87.34
72.854
59.683
53.339
50.688
42.875
25.691
5.001
-9.817
-15.801
-16.649
-14.105
-4.495
12.665
25.885
18.369
-13.431
-50.836
-66.768
-49.53
-11.868
22.621
39.415
39.648
31.755
21.727
11.777
4.055
1.595
5.406
12.449
17.111
14.037
0.03
-24.543
-54.332
-79.504
-90.003
-81.619
-59.179
-33.923
-16.394
-9.406
-6.324
2.412
17.901
26.949
11.292
-32.146
-79.059
-90.56
-44.967
39.524
114.66
137.966
103.14
39.382
-16.113
-45.471
-54.998
-59.039
-62.011
-55.395
-30.071
9.824
45.802
58.766
45.525
22.582
12.7
25.69
50.529
65.597
57.515
32.276
10.247
10.56
37.567
78.452
111.889
120.806
101.317
63.52
24.953
1.323
-0.081
18.66
49.387
81.303
102.244
100.134
68.653
15.743
-33.942
-50.716
-21.072
38.865
91.938
105.681
73.722
15.727
-40.558
-76.708
-87.42
-74.357
-41.797
1.106
37.485
47.107
18.016
-42.285
-105.509
-135.409
-109.776
-37.628
43.229
90.192
84.58
41.673
-5.832
-34.785
-44.616
-48.219
-54.426
-60.659
-59.87
-50.683
-39.432
-33.877
-36.459
-43.345
-48.83
-50.418
-49.953
-49.612
-46.502
-32.431
-1.755
39.044
71.29
77.185
55.311
22.959
1.926
1.307
13.36
24.234
26.638
22.473
16.185
8.557
-2.792
-18.635
-34.95
-44.067
-38.942
-18.141
11.189
35.173
40.753
24.874
-1.99
-22.371
-24.622
-12.03
0.095
-1.816
-16.41
-27.721
-20.768
1.779
20.388
19.378
6.904
9.625
42.641
85.477
94.376
44.439
-40.233
-102.818
-104.11
-57.598
-14.125
-12.449
-45.776
-75.148
-71.356
-41.163
-15.378
-17.16
-44.219
-77.328
-99.369
-104.721
-95.945
-78.252
-58.091
-42.053
-32.343
-23.675
-8.251
14.344
33.828
38.041
25.156
5.552
-9.041
-16.841
-24.662
-35.152
-37.44
-13.771
41.787
110.529
156.89
152.856
98.678
21.993
-43.075
-77.851
-84.566
-75.232
-58.302
-35.711
-9.601
11.695
16.667
1.07
-23.803
-34.605
-11.808
43.335
106.4
146.843
150.77
128.379
99.692
74.718
49.338
19.149
-7.727
-16.011
-1.345
20.66
26.764
8.115
-21.147
-38.123
-33.996
-22.5
-25.47
-49.684
-77.842
-83.032
-53.442
-4.254
34.273
41.141
18.921
-13.63
-40.865
-60.993
-78.536
-89.602
-79.669
-39.358
18.752
64.16
73.811
53.694
32.212
30.748
43.024
45.695
27.246
1.895
-6.055
12.17
42.467
62.776
60.389
35.869
-1.785
-37.67
-52.741
-33.764
12.09
55.57
65.303
33.264
-19.647
-62.842
-79.073
-69.609
-43.087
-6.408
32.511
59.554
59.984
32.406
-5.051
-26.592
-19.957
2.512
13.943
-3.758
-43.062
-75.158
-72.779
-32.677
22.002
62.156
77.212
80.099
88.373
102.352
104.779
82.569
45.666
20.504
24.182
47.268
63.122
52.458
17.566
-24.449
-57.044
-71.65
-65.708
-41.164
-7.29
19.73
26.286
12.661
-6.762
-16.306
-11.906
-1.384
6.019
7.871
6.733
3.653
-3.313
-14.194
-23.363
-22.913
-10.087
9.069
23.626
25.855
17.04
6.507
4.094
11.303
18.774
13.785
-7.88
-36.872
-57.306
-59.069
-44.13
-23.479
-10.493
-15.658
-41.643
-78.596
-105.972
-105.315
-75.184
-32.396
3.136
23.282
30.296
25.066
4.544
-26.835
-50.101
-44.937
-11.351
27.328
46.707
43.797
33.778
27.284
18.385
-1.696
-24.28
-24.86
11.733
70.311
112.806
108.253
57.281
-9.045
-51.692
-48.06
-2.894
57.284
100.262
105.539
73.955
24.235
-20.612
-46.559
-52.086
-42.255
-22.154
3.237
25.428
33.318
21.198
-4.136
-26.916
-35.468
-31.874
-27.414
-28.539
-29.512
-20.629
-2.405
11.702
8.269
-11.92
-34.46
-45.204
-41.259
-28.393
-11.373
9.457
32.685
51.178
56.257
46.398
29.994
18.535
16.874
19.434
15.007
-4.176
-35.933
-69.062
-91.443
-98.894
-96.409
-90.169
-79.042
-56.372
-21.481
12.609
26.997
14.979
-8.566
-18.721
-3.519
24.446
40.127
30.043
4.165
-15.572
-17.013
-7.04
-0.664
-4.384
-12.406
-16.992
-17.625
-17.868
-16.733
-8.485
8.025
23.849
27.336
16.197
-0.527
-12.303
-15.985
-14.304
-9.323
-1.339
6.608
7.647
-2.881
-21.676
-39.718
-49.766
-50.266
-42.996
-29.866
-13.204
2.949
14.528
20.774
24.744
30.234
38.928
50.404
63.265
74.912
80.593
74.346
52.496
17.712
-19.336
-42.974
-40.734
-13.185
22.607
42.331
32.323
1.591
-24.371
-24.511
0.239
28.667
38.378
24.48
1.354
-12.393
-10.382
-1.153
3.421
0.769
-1.467
4.471
17.461
29.176
33.307
31.2
28.102
25.45
18.479
1.55
-24.839
-52.204
-68.55
-65.382
-43.004
-11.416
14.479
24.078
19.127
13.33
21.621
46.862
76.018
90.339
80.996
56.003
32.555
22.738
25.869
32.719
35.036
30.478
20.058
3.417
-21.835
-55.956
-92.519
-118.483
-120.525
-94.559
-51.606
-13.66
0.059
-13.085
-37.172
-50.172
-40.163
-11.328
23.636
54.899
79.449
96.933
105.741
105.024
98.83
94.895
97.279
100.26
90.701
57.886
2.837
-60.195
-111.103
-135.233
-131.535
-112.322
-94.452
-88.027
-91.139
-94.354
-89.962
-77.175
-59.696
-40.238
-18.424
6.823
34.292
59.974
78.492
85.019
77.699
60.134
41.165
29.841
28.641
31.652
30.485
22.544
13.387
10.979
18.043
29.994
39.514
42.276
38.368
29.437
15.838
-2.981
-26.051
-49.927
-70.449
-84.834
-91.436
-88.155
-72.993
-47.647
-20.057
-1.421
0.982
-11.435
-30.742
-48.674
-60.375
-63.567
-57.011
-41.757
-22.834
-6.832
3.926
14.013
29.955
52.056
71.864
78.377
66.754
41.328
11.754
-12.326
-23.961
-20.212
-4.344
13.358
20.372
10.833
-9.574
-28.714
-38.658
-41.037
-42.012
-43.465
-40.598
-27.964
-6.385
16.673
32.489
36.12
27.624
11.089
-6.488
-17.357
-17.086
-7.822
3.344
10.367
12.751
13.928
15.87
16.59
13.46
7.989
5.715
10.413
18.519
20.162
7.018
-19.502
-47.09
-60.135
-50.449
-22.651
9.945
35.053
48.41
52.95
52.952
50.319
46.386
45.233
52.165
67.184
80.91
79.74
57.498
22.408
-8.519
-23.162
-22.986
-18.811
-18.998
-22.39
-22.06
-14.227
-2.657
4.723
2.168
-10.373
-27.716
-41.806
-45.003
-34.321
-14.689
2.571
6.948
-3.425
-20.222
-31.219
-28.785
-13.629
7.711
27.717
41.111
46.003
44.208
40.458
39.233
40.444
38.219
25.66
2.493
-21.793
-33.793
-27.035
-8.221
7.439
8.25
-5.184
-22.139
-32.277
-34.164
-34.044
-37.423
-43.045
-45.295
-41.29
-34.039
-28.468
-25.681
-22.295
-14.914
-3.825
7.981
17.918
24.512
25.705
18.744
3.271
-16.069
-31.619
-37.936
-34.81
-25.344
-12.363
2.235
15.326
21.913
18.319
6.047
-8.38
-17.892
-19.218
-13.393
-3.432
7.322
15.174
16.702
11.503
4.493
3.641
13.319
29.055
39.692
36.126
18.835
-2.964
-19.528
-27.762
-30.645
-30.963
-27.483
-17.955
-4.313
7.54
14.017
18.34
26.702
39.654
49.128
45.696
28.737
8.22
-3.999
-4.124
2.263
7.199
7.129
3.341
-1.688
-6.312
-8.8
-6.995
-0.529
7.358
11.981
11.755
9.738
9.823
11.847
11.431
4.804
-6.998
-19.266
-28.401
-34.776
-40.804
-46.953
-50.28
-46.929
-35.915
-20.664
-6.958
1.179
4.545
8.116
16.768
30.768
45.327
54.965
58.365
58.598
58.713
58.055
53.792
45.589
37.334
33.311
33.183
31.891
24.802
12.239
-1.599
-13.571
-24.156
-34.636
-42.731
-42.827
-31.686
-13.58
1.634
6.768
3.782
1.395
5.824
14.28
18.219
12.864
2.597
-3.632
-1.572
4.644
7.987
6.407
4.182
5.875
10.533
12.848
9.563
3.47
0.471
3.119
7.783
8.351
2.379
-6.695
-13.28
-15.154
-15.059
-16.944
-21.14
-23.911
-22.074
-17.599
-16.576
-22.858
-32.912
-37.919
-31.72
-16.729
-1.771
5.745
5.152
0.592
-4.596
-10.19
-16.232
-20.069
-18.175
-10.95
-4.094
-3.792
-10.459
-17.959
-19.345
-13.216
-4.576
-0.137
-3.089
-11.593
-20.797
-25.651
-22.892
-12.475
1.545
12.084
13.03
4.128
-7.584
-12.206
-4.384
12.602
29.756
39.394
39.687
33.312
23.215
10.768
-2.475
-13.162
-17.894
-16.635
-13.303
-12.222
-14.086
-15.729
-13.624
-7.161
1.356
9.085
14.393
16.618
15.148
9.571
0.821
-8.339
-14.532
-15.813
-12.641
-6.913
-0.257
6.491
12.2
14.525
11.13
2.535
-6.389
-8.779
-0.929
14.009
27.361
30.791
22.205
7.042
-5.966
-11.061
-8.758
-3.971
-1.277
-1.805
-4.041
-6.615
-9.391
-11.855
-11.578
-5.707
5.513
17.295
23.279
20.409
10.943
-0.014
-8.465
-13.085
-13.927
-10.758
-3.047
8.831
22.809
35.391
42.767
42.368
34.394
22.065
9.737
-0.093
-8.059
-15.99
-23.703
-28.176
-26.406
-19.202
-11.895
-10.752
-17.932
-29.254
-36.823
-34.617
-22.639
-6.379
7.651
16.127
19.32
18.415
13.67
5.72
-2.215
-5.14
-0.439
8.913
16.18
16.511
10.977
5.172
4.094
8.321
14.519
18.875
19.84
18.183
15.233
11.587
7.395
3.408
1.022
0.831
1.203
-0.959
-7.249
-15.378
-20.372
-18.836
-12.24
-5.744
-3.726
-6.602
-11.849
-17.231
-22.029
-25.228
-23.995
-15.694
-1.825
11.253
17.231
16.181
15.389
22.791
38.98
55.72
62.468
54.393
34.545
9.566
-15.208
-36.437
-50.695
-54.497
-47.678
-35.848
-27.467
-27.103
-31.381
-32.099
-23.856
-9.033
4.338
9.475
6.111
-0.132
-2.999
-0.491
4.531
7.742
7.203
4.367
2.081
2.103
4.477
8.684
14.607
21.964
29.016
32.515
29.673
20.764
9.912
2.844
2.82
7.882
12.015
9.81
0.961
-9.502
-15.663
-15.641
-12.258
-9.136
-6.884
-3.589
1.473
5.903
6.582
3.311
-1.13
-4.652
-8.359
-14.291
-21.176
-24.18
-20.079
-12.098
-7.888
-11.592
-18.393
-18.234
-5.83
13.209
26.864
27.642
19.057
11.272
10.681
14.184
13.492
4.257
-9.662
-20.441
-23.543
-20.248
-14.119
-6.88
1.35
8.944
12.057
8.234
0.175
-5.431
-3.549
4.804
13.932
18.907
19.322
18.083
17.596
17.911
18.195
18.644
19.944
21.151
19.379
12.554
2.263
-7.047
-12.208
-14.309
-16.927
-21.442
-24.898
-23.158
-15.945
-7.968
-4.5
-6.085
-8.089
-5.622
1.406
8.266
10.107
6.325
0.449
-3.566
-4.404
-3.061
-0.594
2.893
7.076
10.213
10.134
6.654
2.368
0.343
0.865
0.908
-2.772
-10.031
-17.092
-20.076
-18.669
-16.164
-15.947
-18.09
-19.374
-16.413
-8.665
1.335
10.192
15.986
18.925
20.413
21.675
22.954
23.523
22.382
19.138
14.338
8.852
2.924
-3.83
-11.186
-17.241
-19.251
-16.061
-9.676
-3.989
-1.744
-2.76
-4.978
-6.67
-7.232
-6.271
-3.105
2.095
7.153
9.01
6.685
2.776
1.427
4.584
10.414
15.203
16.312
13.263
6.945
-1.019
-7.975
-10.607
-7.173
0.178
6.052
5.825
-0.401
-7.754
-10.611
-7.062
-0.081
5.084
4.729
-1.2
-9.684
-16.812
-19.874
-18.273
-13.328
-7.562
-3.837
-4.226
-8.765
-14.941
-18.869
-17.828
-12.234
-5.184
0.239
3.515
6.769
12.353
20.219
27.462
30.425
27.503
20.315
12.432
6.814
4.033
2.453
-0.07
-4.448
-9.741
-13.899
-15.237
-13.646
-10.661
-8.216
-7.02
-6.108
-4.108
-0.909
2.196
4.037
4.789
5.298
5.507
4.417
1.961
0.252
1.93
7.049
12.26
13.714
10.674
5.935
2.856
2.476
3.454
3.94
2.763
-0.722
-6.609
-13.501
-18.195
-17.576
-11.484
-3.418
2.154
3.355
1.77
0.095
-0.481
-0.392
0.077
1.628
4.656
7.809
8.857
7.294
5.501
6.596
11.073
15.96
17.513
14.427
8.266
1.252
-5.5
-11.437
-15.161
-14.789
-10.057
-3.516
1.071
1.745
-0.402
-2.94
-4.705
-6.461
-9.188
-12.331
-14.177
-13.927
-12.841
-12.878
-14.223
-14.675
-11.913
-6.225
-0.407
3.302
5.767
9.804
16.467
23.091
25.544
22.288
15.776
9.894
6.495
4.546
2.002
-2.201
-7.757
-13.515
-17.791
-18.704
-15.301
-8.755
-1.984
2.488
4.329
4.889
5.112
4.449
1.992
-1.821
-5.207
-6.776
-6.867
-6.867
-7.424
-7.663
-6.184
-2.582
2.15
6.484
9.309
10.171
9.114
6.81
4.782
4.886
7.856
12.159
14.696
13.242
8.583
4.202
3.46
6.711
10.912
12.094
8.516
1.823
-4.583
-8.374
-9.814
-10.802
-12.49
-13.811
-12.417
-7.128
0.466
6.933
9.615
8.448
5.404
2.404
-0.052
-2.442
-4.893
-6.639
-6.64
-4.395
-0.117
5.507
11.352
15.805
17.333
15.597
11.974
8.587
6.568
5.356
3.737
1.303
-1.422
-4.113
-7.24
-11.098
-14.559
-15.548
-13.135
-8.824
-5.286
-3.826
-3.481
-2.633
-0.977
0.508
1.202
1.693
2.799
4.253
4.907
4.109
2.301
0.112
-2.648
-6.615
-11.568
-15.961
-17.984
-16.99
-13.848
-10.06
-6.708
-4.037
-1.677
0.89
3.914
7.151
10.021
12.038
13.119
13.457
13.2
12.371
11.121
9.86
8.954
8.302
7.384
5.833
3.947
2.537
2.202
2.804
3.678
4.299
4.637
4.773
4.315
2.486
-0.978
-5.06
-7.825
-7.781
-4.987
-0.94
2.46
3.847
2.698
-0.635
-4.955
-8.585
-10.338
-10.363
-9.841
-9.608
-9.157
-7.31
-3.944
-0.784
-0.162
-2.822
-6.988
-9.652
-8.923
-5.376
-1.378
0.864
0.866
-0.093
-0.304
0.922
2.906
4.513
5.25
5.359
4.943
3.409
0.195
-3.929
-6.726
-6.156
-2.405
1.874
3.537
1.339
-3.325
-7.673
-9.357
-7.514
-2.815
2.993
7.781
9.938
9.141
6.394
3.241
0.818
-0.475
-0.706
-0.079
1.092
2.379
3.451
4.331
5.262
6.237
6.764
6.256
4.684
2.755
1.304
0.501
-0.244
-1.481
-2.863
-3.248
-1.827
0.867
3.218
3.914
3.091
1.982
1.48
1.158
-0.157
-2.906
-6.018
-7.697
-7.021
-4.827
-3.078
-3.287
-5.308
-7.415
-7.572
-4.956
-0.647
3.022
4.009
1.949
-1.579
-4.078
-3.753
-0.683
3.198
5.23
3.564
-1.76
-8.719
-14.18
-15.383
-11.457
-4.186
2.722
5.843
4.4
0.845
-1.137
0.307
3.776
6.1
5.307
2.212
-0.617
-1.233
0.357
2.77
4.728
5.897
6.669
7.505
8.562
9.644
10.246
9.653
7.306
3.382
-0.883
-3.664
-3.707
-1.369
1.47
2.763
1.848
-0.17
-1.566
-1.489
-0.406
0.733
1.428
1.651
1.355
0.471
-0.498
-0.412
1.381
3.806
4.527
2.196
-1.782
-4.166
-2.87
0.997
4.217
4.469
2.142
-0.697
-2.604
-3.683
-4.549
-5.106
-4.865
-4.215
-4.634
-7.131
-10.623
-12.384
-10.452
-5.569
-0.599
1.947
1.7
-0.041
-2.069
-4.126
-6.225
-7.738
-7.735
-6.184
-4.334
-3.513
-3.624
-3.166
-0.896
2.646
5.494
6.102
4.739
3.032
2.313
2.559
2.87
2.67
2.198
1.861
1.454
0.297
-1.785
-3.84
-4.393
-2.768
0.255
3.147
4.918
5.627
5.716
5.194
3.714
1.408
-0.782
-1.845
-1.695
-1.178
-1.018
-0.956
-0.107
1.949
4.658
7.108
8.945
10.497
12.053
13.219
13.109
11.118
7.49
3.171
-0.837
-3.969
-6.038
-6.771
-5.596
-2.15
2.815
7.17
8.476
5.809
0.7
-3.787
-5.15
-2.922
1.488
6.045
9.153
10
8.551
5.57
2.486
0.755
0.998
2.651
4.477
5.495
5.514
4.936
4.14
3.066
1.343
-1.154
-3.865
-5.675
-5.67
-3.933
-1.615
-0.17
-0.334
-1.717
-3.247
-4.021
-3.844
-3.189
-2.736
-2.881
-3.517
-4.196
-4.543
-4.578
-4.637
-4.933
-5.235
-5.057
-4.195
-3.003
-2.053
-1.581
-1.352
-1.058
-0.662
-0.218
0.456
1.555
2.583
2.251
-0.371
-4.42
-7.37
-7.143
-4.181
-1.102
-0.036
-0.515
-0.346
1.515
3.43
2.802
-0.883
-5.227
-7.301
-6.576
-5.198
-5.502
-7.666
-9.921
-10.672
-9.953
-8.845
-8.003
-7.109
-5.577
-3.305
-0.546
2.569
5.933
8.843
9.943
8.237
4.268
0.038
-2.5
-2.943
-2.44
-2.217
-2.267
-1.538
0.727
4.034
7.025
8.635
8.68
7.487
5.348
2.593
0.016
-1.242
-0.542
1.527
3.484
4.156
3.573
2.72
2.5
3.031
3.856
4.647
5.437
6.166
6.237
4.898
2.243
-0.353
-1.205
0.084
2.08
2.779
1.46
-0.818
-2.458
-2.776
-2.108
-0.829
1.164
3.766
5.853
5.763
2.865
-1.51
-4.959
-5.927
-4.776
-3.031
-1.808
-1.034
-0.014
1.552
3.262
4.526
5.153
5.363
5.388
5.23
4.748
3.835
2.467
0.754
-0.942
-2.015
-2.014
-1.143
-0.298
-0.437
-1.85
-4.022
-6.094
-7.382
-7.54
-6.553
-4.79
-2.996
-1.941
-1.879
-2.359
-2.638
-2.279
-1.353
-0.197
0.847
1.464
1.385
0.639
-0.228
-0.442
0.289
1.352
1.675
0.713
-1.027
-2.453
-2.838
-2.3
-1.436
-0.664
-0.009
0.572
0.878
0.563
-0.457
-1.763
-2.602
-2.31
-0.723
1.642
3.734
4.43
3.117
-0.007
-4.119
-8.164
-11.061
-11.682
-9.154
-3.743
2.387
5.816
4.172
-1.478
-6.625
-6.446
0.098
8.842
13.36
10.119
1.451
-6.293
-7.834
-2.936
3.877
7.195
4.7
-1.678
-7.666
-9.648
-6.756
-1.095
3.727
4.927
2.383
-1.324
-2.94
-1.124
2.559
5.129
4.75
2.102
-0.47
-0.933
1.124
4.633
8.004
9.926
9.648
7.027
2.662
-2.004
-5.034
-4.921
-1.707
2.647
5.252
4.249
0.303
-3.771
-5.088
-2.763
1.718
5.886
7.952
7.49
5.21
2.547
1.202
2.191
4.776
6.528
5.195
0.872
-3.785
-5.733
-3.871
0.68
6.065
10.759
13.34
12.367
7.629
1.493
-2.057
-0.7
3.85
7.175
6.061
1.047
-4.693
-8.458
-9.764
-9.611
-8.93
-8.066
-7.217
-6.632
-6.201
-5.286
-3.361
-0.82
1.079
1.229
-0.361
-2.576
-4.106
-4.375
-3.716
-2.791
-1.939
-1.064
-0.086
0.698
0.847
0.355
-0.217
-0.448
-0.77
-2.119
-4.584
-6.619
-6.142
-2.771
1.242
2.777
0.788
-2.609
-4.202
-2.779
-0.124
0.976
-0.585
-3.542
-5.803
-6.258
-5.136
-3.214
-1.147
0.555
1.516
1.774
1.896
2.412
3.081
2.956
1.382
-1.159
-3.307
-3.874
-2.603
-0.051
2.923
5.453
6.769
6.491
5.039
3.566
3.176
3.989
4.925
4.475
1.889
-2.123
-5.676
-6.832
-4.904
-0.995
2.711
4.52
4.366
3.509
3.034
2.648
1.101
-2.106
-5.538
-6.676
-4.332
-0.298
1.737
-0.553
-5.633
-8.968
-6.859
0.127
7.404
10.184
7.414
2.318
-0.701
0.296
3.831
7.042
8.278
7.785
6.438
4.461
1.62
-1.648
-3.865
-3.621
-1.042
2.02
3.435
2.577
0.842
0.453
2.543
6.025
8.26
7.187
3.263
-0.62
-1.545
0.818
3.94
4.905
3.08
0.263
-1.537
-1.965
-1.889
-1.81
-1.431
-0.71
-0.477
-1.277
-1.955
-0.36
3.973
8.185
7.985
1.76
-7.135
-12.479
-10.102
-1.418
7.404
9.992
4.614
-4.287
-9.142
-4.886
6.903
18.76
22.68
15.91
2.505
-10.269
-17.128
-17.186
-12.759
-7.11
-3.377
-4.092
-9.731
-17.085
-20.291
-15.234
-3.704
7.349
11.521
8.305
2.924
1.055
3.895
7.975
9.031
5.699
0.019
-4.67
-6.063
-3.917
0.195
3.835
4.914
2.774
-1.468
-5.63
-7.802
-7.418
-5.353
-3.108
-1.825
-1.852
-3.014
-5.02
-7.412
-9.193
-8.98
-6.064
-1.47
2.436
3.913
3.528
3.614
5.732
8.765
9.799
7.014
1.573
-3.447
-5.852
-5.927
-5.471
-5.707
-6.363
-6.459
-5.419
-3.288
-0.373
2.745
4.91
4.75
1.952
-1.855
-3.988
-2.915
0.254
2.588
1.749
-2.083
-6.353
-7.989
-5.497
0.087
5.84
8.722
7.383
2.879
-2.191
-5.415
-5.833
-3.947
-0.86
2.483
5.455
7.587
8.535
8.191
6.711
4.407
1.674
-1.005
-3.141
-4.396
-4.684
-4.07
-2.658
-0.691
1.295
2.631
2.951
2.461
1.654
0.799
-0.183
-1.308
-2.117
-1.842
-0.019
3.056
6.401
8.822
9.447
8.139
5.658
3.339
2.273
2.513
3.041
2.677
1.143
-0.672
-1.507
-0.793
0.908
2.401
2.78
2.108
1.359
1.674
3.421
5.767
7.213
6.748
4.694
2.468
1.497
2.212
3.914
5.394
5.629
4.125
1.038
-2.745
-5.752
-6.627
-5.109
-2.413
-0.411
-0.166
-1.172
-2.01
-1.696
-0.384
1.136
2.291
2.945
2.957
1.945
-0.248
-2.962
-4.845
-4.791
-2.81
-0.011
2.239
3.194
2.976
2.172
1.248
0.309
-0.689
-1.605
-2.093
-1.981
-1.607
-1.632
-2.46
-3.867
-5.253
-6.152
-6.406
-5.962
-4.779
-3.091
-1.594
-1.024
-1.47
-2.241
-2.55
-2.245
-1.751
-1.361
-0.858
0.046
1.045
1.285
0.167
-1.93
-3.797
-4.28
-3.134
-1.182
0.225
0.017
-2.008
-5.055
-7.748
-8.854
-7.946
-5.585
-2.971
-1.29
-1.124
-2.195
-3.509
-3.878
-2.659
-0.319
1.682
1.866
-0.041
-2.717
-4.255
-3.791
-2.257
-1.448
-2.269
-3.842
-4.277
-2.306
1.674
5.895
8.318
7.755
4.489
0.216
-2.791
-3.086
-1.124
1.076
1.663
0.627
-0.247
0.814
3.813
6.988
8.471
7.79
5.827
3.679
1.848
0.435
-0.346
-0.213
0.71
1.808
2.52
2.881
3.373
4.313
5.532
6.604
7.206
7.192
6.525
5.404
4.401
4.168
4.778
5.49
5.409
4.422
3.289
2.732
2.624
2.323
1.717
1.558
2.474
3.827
3.959
1.82
-1.747
-4.525
-4.757
-2.494
0.744
3.369
4.739
5.105
4.984
4.717
4.402
3.917
2.945
1.182
-1.19
-3.218
-3.547
-1.406
2.534
6.273
7.631
5.667
1.266
-3.517
-6.812
-7.907
-7.254
-5.758
-4.07
-2.398
-0.758
0.71
1.656
1.67
0.531
-1.611
-4.209
-6.474
-7.676
-7.475
-6.116
-4.363
-3.125
-2.973
-3.837
-5.111
-6.089
-6.373
-6.001
-5.277
-4.556
-4.117
-4.097
-4.394
-4.658
-4.476
-3.689
-2.54
-1.463
-0.716
-0.26
-0.009
-0.089
-0.707
-1.738
-2.556
-2.435
-1.171
0.713
2.363
3.146
2.907
1.918
0.724
-0.068
-0.182
-0.009
-0.396
-1.787
-3.54
-4.336
-3.506
-1.921
-1.389
-3.047
-6.343
-9.512
-10.843
-9.489
-5.46
0.501
6.725
10.729
10.459
6.105
0.613
-2.239
-0.927
2.481
4.259
2.577
-0.776
-2.214
0.107
4.532
7.499
6.732
2.954
-1.134
-3.127
-2.312
0.525
4.015
6.867
8.178
7.688
5.943
4.045
2.981
3.038
3.728
4.177
3.68
2.155
0.304
-0.737
-0.189
1.749
4.066
5.74
6.31
5.706
3.914
1.255
-1.082
-1.459
0.656
3.653
4.926
3.416
0.789
-0.295
0.981
2.864
3.125
1.498
-0.259
-0.443
0.949
2.585
3.264
2.688
1.157
-0.81
-2.394
-2.543
-0.744
2.154
4.212
3.801
0.898
-2.95
-5.87
-6.943
-6.563
-5.801
-5.403
-5.194
-4.283
-1.944
1.523
4.727
6.066
4.899
2.058
-0.678
-1.707
-0.565
1.801
3.616
3.414
1.09
-1.957
-3.884
-3.863
-2.715
-2.08
-2.863
-4.414
-5.119
-3.812
-0.781
2.349
3.685
2.324
-0.936
-3.992
