0.180281
0.130091
0.051771
-0.007887
-0.014604
0.015850
0.035449
0.026317
-0.002810
-0.027622
-0.027261
-0.018533
-0.014469
-0.023899
-0.039102
-0.043155
-0.040539
-0.039510
-0.046232
-0.058012
-0.056572
-0.040768
-0.018314
-0.003063
-0.004493
-0.012496
-0.014474
-0.002958
0.015752
0.023197
0.013220
-0.005779
-0.009450
0.018080
0.060822
0.090798
0.077902
0.040076
0.005373
-0.008364
0.002022
0.015689
0.015718
0.004012
-0.009923
-0.014746
-0.011204
-0.009515
-0.011047
-0.014058
-0.012665
-0.007729
-0.007057
-0.014184
-0.023247
-0.025542
-0.017147
-0.004858
0.002548
0.002458
0.000095
-0.000793
0.003163
0.006143
0.006245
0.002459
-0.002032
-0.002192
0.003709
0.008350
0.010008
