-13.369411
-14.162261
-14.479498
-14.461223
-13.997750
-12.821981
-10.877852
-8.546995
-6.452976
-4.992090
-4.022430
-3.006269
-1.485616
0.534071
2.640117
4.467098
6.139242
8.266070
11.422799
15.514754
19.584486
22.295010
22.762398
21.103999
18.297543
15.507376
13.420938
12.032615
10.876178
9.386737
7.127170
3.883778
-0.226308
-4.622656
-8.286277
-10.108869
-9.474704
-6.720449
-3.110944
-0.251913
0.763164
-0.038437
-1.553781
-2.322984
-1.478778
0.726505
3.203700
4.890496
5.487904
5.476794
5.478999
5.624999
5.539103
4.902211
3.971117
3.513471
4.239639
6.295266
9.240496
12.407278
15.212143
17.196024
17.946961
17.157376
14.813385
11.279486
7.128347
2.844103
-1.352072
-5.461467
-9.564716
-13.701716
-17.775545
-21.449940
-24.127407
-25.151459
-24.199522
-21.575337
-18.105072
-14.676841
-11.810031
-9.602474
-7.995183
-6.966539
-6.403919
-5.856134
-4.605833
-2.193362
1.034173
3.956648
5.437824
5.244512
4.336825
4.244146
6.021612
9.607363
13.997826
17.952664
20.597196
21.553405
20.742198
18.227241
14.258301
9.340320
4.101325
-1.002160
-5.850552
-10.482752
-14.714598
-17.955544
-19.484180
-18.996440
-16.919351
-14.140049
-11.334885
-8.497571
-5.128174
-0.941313
3.556705
7.182685
8.823982
8.196302
6.008616
3.476477
1.645673
1.022386
1.616724
3.143907
5.124452
6.892117
7.709775
7.093670
5.169451
2.732574
0.855432
0.264323
0.954545
2.343559
3.781718
4.910041
5.555211
5.410738
4.037304
1.328920
-2.074388
-5.065998
-6.978418
-8.248326
-10.053269
-13.140883
-16.957254
-19.943027
-20.721132
-19.063683
-15.841667
-12.196411
-8.797548
-5.737791
-2.891981
-0.251332
2.005471
3.608352
4.327666
4.132834
3.342936
2.596256
2.516709
3.261670
4.356043
5.024158
4.766728
3.684559
2.298275
1.096101
0.261130
-0.214330
-0.242399
0.443216
2.037006
4.328322
6.653345
8.237850
8.659826
8.052078
6.923342
5.817053
5.094975
4.903831
5.177156
5.597918
5.657347
4.939059
3.470320
1.781336
0.536178
0.055533
0.190550
0.613381
1.118449
1.573025
1.673137
0.976088
-0.661111
-2.709590
-4.199391
-4.446152
-3.555186
-2.177173
-0.810964
0.556246
2.102461
3.591919
4.314523
3.696898
1.967229
0.169981
-0.524961
0.381483
2.445596
4.651088
6.048769
6.208355
5.274955
3.719282
2.022244
0.504207
-0.655503
-1.340681
-1.518977
-1.346855
-1.169508
-1.298507
-1.736953
-2.175364
-2.345809
-2.407578
-2.930539
-4.420049
-6.804862
-9.365914
-11.165725
-11.603309
-10.690119
-8.955312
-7.156655
-5.979992
-5.794673
-6.506991
-7.602418
-8.421249
-8.538599
-7.996573
-7.223581
-6.708816
-6.668918
-6.922705
-7.030099
-6.583663
-5.459590
-3.874625
-2.235531
-0.914778
-0.113009
0.152241
0.020921
-0.207560
-0.119538
0.614905
1.970651
3.494793
4.601142
5.029352
5.037120
5.129841
5.618968
6.477135
7.588210
8.997182
10.760590
12.529143
13.432497
12.603753
9.965417
6.490916
3.566823
1.943624
1.203832
0.234761
-1.713368
-4.322076
-6.463189
-7.182193
-6.546824
-5.624435
-5.595481
-6.748495
-8.212775
-8.657759
-7.347679
-4.635727
-1.514257
1.275696
3.685689
5.964491
7.924400
8.725723
7.493745
4.204162
-0.034648
-3.611728
-5.424241
-5.444072
-4.485617
-3.515395
-3.104911
-3.326821
-3.948994
-4.630550
-5.001589
-4.717665
-3.582996
-1.684784
0.605150
2.809690
4.579737
5.792833
6.457276
6.560907
6.068299
5.111834
4.176053
3.995130
5.100851
7.317148
9.659290
10.853683
10.200775
8.172653
6.276653
6.236444
9.023024
14.332760
20.748193
26.366526
29.494429
29.145520
25.300749
18.952857
11.864948
5.965664
2.532192
1.607120
2.094136
2.540395
2.063144
0.743402
-0.728651
-1.729442
-2.073406
-1.875187
-1.258961
-0.357444
0.412349
0.249195
-1.622789
-5.276765
-9.769043
-13.566134
-15.435214
-15.123086
-13.370523
-11.366336
-10.088793
-9.893128
-10.429095
-10.827861
-10.099399
-7.638524
-3.601911
1.112972
5.323796
8.148941
9.308522
8.988021
7.491228
5.029783
1.767608
-2.057382
-6.146991
-10.272412
-14.308161
-18.062326
-21.087972
-22.774748
-22.754030
-21.254128
-18.990028
-16.617695
-14.289861
-11.805781
-9.193186
-6.991306
-5.756077
-5.237973
-4.255722
-1.699586
2.177855
5.574723
6.485514
4.417278
0.818406
-2.199229
-3.558244
-3.705448
-3.627119
-3.650847
-3.328343
-2.321694
-1.083830
-0.477368
-0.781019
-1.234889
-0.652762
1.498652
4.544064
6.968222
7.337418
5.160657
1.276215
-2.437129
-4.025393
-2.679131
0.663161
4.003554
5.892782
6.578034
7.552037
9.877813
12.962289
15.067666
15.062736
13.598749
12.483901
12.909296
14.335987
15.095998
13.978844
11.178490
7.798489
4.632720
1.537661
-2.080339
-6.323632
-10.419549
-13.235749
-14.170338
-13.648153
-12.880517
-13.117843
-14.903232
-17.769367
-20.551102
-22.129397
-22.122633
-21.033225
-19.753092
-18.859891
-18.295784
-17.619134
-16.463163
-14.721088
-12.397014
-9.476335
-6.062606
-2.562299
0.476332
2.851780
4.993836
7.597794
10.853324
14.041055
15.979309
15.958962
14.314182
12.152626
10.566912
10.027458
10.328496
10.912317
11.217112
10.902624
9.990443
8.887748
8.169525
8.152047
8.576553
8.739354
8.022485
6.369077
4.279961
2.385396
1.062467
0.466042
0.831230
2.565252
5.884240
10.329012
14.755598
17.981053
19.560612
19.955594
19.935143
19.860176
19.618402
19.211164
19.170858
20.114518
21.787790
22.753721
21.386658
17.414212
12.447696
8.778076
7.444421
7.386246
6.462298
3.307695
-1.708354
-7.112486
-11.651085
-14.967859
-17.259373
-18.649284
-19.071116
-18.602190
-17.611958
-16.437355
-15.010705
-12.979326
-10.237886
-7.248395
-4.737484
-3.072511
-1.978908
-0.874733
0.555803
2.119065
3.353684
3.917286
3.727831
2.823353
1.202794
-1.152028
-4.146701
-7.536261
-11.030399
-14.390830
-17.385091
-19.682459
-20.917999
-20.990156
-20.332592
-19.794432
-20.074064
-21.120241
-22.047137
-21.710461
-19.511039
-15.790522
-11.548074
-7.768305
-4.891732
-2.734579
-0.773785
1.485296
4.272399
7.496198
10.812544
13.737102
15.750001
16.404493
15.498959
13.304252
10.664450
8.719841
8.248002
9.054994
10.005823
9.840778
8.182045
5.834955
4.046524
3.353113
3.083990
2.007869
-0.462180
-3.622849
-5.995893
-6.549549
-5.563265
-4.425671
-4.575134
-6.444042
-9.168287
-11.179673
-11.189563
-8.906350
-5.104411
-1.105526
1.937803
3.511348
3.737720
3.038367
1.823428
0.472684
-0.494869
-0.435336
1.010941
3.409027
5.525724
6.104760
4.902117
3.016397
2.055251
2.786257
4.517391
5.807518
5.780022
4.696608
3.271113
1.613287
-0.896182
-4.606821
-8.672186
-11.415219
-11.751128
-10.162636
-8.161041
-6.862982
-6.286633
-6.045511
-6.380250
-8.032234
-10.926756
-13.281286
-12.539562
-7.542431
0.197171
7.522046
12.071471
13.840002
14.523883
15.559421
16.888838
17.473940
16.688179
14.979749
13.207957
11.544361
9.212702
5.364292
0.187407
-4.866286
-7.988075
-8.270635
-6.279890
-3.543935
-1.455729
-0.471048
-0.122277
0.341512
1.312549
2.653635
3.966425
4.915037
5.310843
5.012689
3.893308
1.981213
-0.382547
-2.602107
-4.124829
-4.766278
-4.819437
-4.878717
-5.489080
-6.789936
-8.310678
-9.064429
-8.023248
-4.838197
-0.367468
3.502998
4.876501
3.146474
-0.387913
-3.216531
-3.270974
-0.345618
3.812280
6.801113
7.186139
5.182135
2.042142
-1.069320
-3.653211
-5.594115
-6.646581
-6.441647
-5.017568
-3.157236
-1.959304
-1.926899
-2.464487
-2.337926
-0.714645
2.155229
5.173370
7.219119
7.778769
6.945604
5.050891
2.450834
-0.371853
-2.711484
-3.870194
-3.590087
-2.237279
-0.506089
1.076074
2.367857
3.435795
4.319217
5.072589
5.961227
7.387896
9.433145
11.469424
12.403417
11.480013
8.908493
5.669666
2.699047
0.289522
-1.736878
-3.437753
-4.533748
-4.828744
-4.677958
-4.799941
-5.517850
-6.266585
-5.987226
-4.061215
-0.831399
2.782443
6.076835
8.885194
11.168710
12.491240
12.103688
9.625266
5.597330
1.296662
-2.038672
-3.867139
-4.399746
-4.217581
-3.936887
-4.123032
-5.224533
-7.309342
-9.813968
-11.752996
-12.449853
-12.185795
-12.031553
-12.847279
-14.347544
-15.205054
-14.187088
-11.242003
-7.458658
-3.975773
-1.005227
2.041135
5.576323
9.182924
12.004365
13.654763
14.530110
15.157565
15.401689
14.542688
12.218009
9.179889
6.972009
6.777469
8.533981
11.074603
13.018571
13.560731
12.660844
10.813642
8.792303
7.448270
7.398267
8.605815
10.191733
10.791656
9.353007
5.847380
1.370655
-2.488784
-4.632814
-5.143862
-5.183692
-6.117399
-8.476314
-11.575135
-14.112375
-15.220590
-14.994229
-14.028792
-12.531039
-10.042756
-6.174574
-1.589097
1.947341
2.769212
0.780167
-2.225525
-3.829286
-2.829068
-0.096638
2.231339
2.449849
0.390511
-2.890487
-6.326360
-9.682974
-13.267738
-16.976157
-19.856217
-20.808818
-19.764620
-18.035875
-17.292291
-18.040977
-19.090332
-18.550695
-15.408494
-10.205431
-4.364985
0.917924
5.071651
7.721466
8.345161
6.684673
3.457189
0.314847
-1.257642
-1.154633
-0.713860
-1.461639
-3.707291
-6.317547
-7.819945
-7.699302
-6.656390
-5.711516
-5.170622
-4.507510
-3.197794
-1.546346
-0.570275
-0.981249
-2.260759
-2.800488
-1.104051
2.950768
7.873359
11.545564
12.615614
11.229315
8.664446
6.318285
4.883765
4.235129
3.909421
3.644595
3.491335
3.460305
3.142267
1.831305
-0.774259
-3.889907
-5.788007
-4.938054
-1.304342
3.402791
6.906731
8.031754
7.402420
6.608098
6.696242
7.400219
7.676280
6.854746
5.279198
3.982253
3.868449
5.144682
7.323623
9.630287
11.477150
12.742197
13.691206
14.572462
15.211676
15.056101
13.739825
11.615120
9.567051
8.145740
6.920063
4.895927
1.721749
-1.592097
-3.355663
-2.728803
-0.550541
1.416693
2.047699
1.594113
0.906223
0.126165
-1.588387
-4.936131
-9.196365
-12.327724
-12.541715
-9.859261
-6.106755
-3.363647
-2.398452
-2.539027
-2.862977
-3.259986
-4.214160
-5.690824
-6.557901
-5.370775
-1.787567
2.891855
6.695509
8.532893
8.847891
8.858466
9.259186
9.632317
8.956781
6.575109
2.767816
-1.376009
-4.560755
-5.989575
-5.847917
-5.239239
-5.411397
-6.658895
-7.814784
-7.009193
-3.282177
2.322339
7.281719
9.417731
8.480002
6.168922
4.705242
5.266925
7.503653
10.200306
12.224173
12.964903
12.228231
10.060293
6.805390
3.209417
0.218162
-1.537202
-2.147844
-2.310244
-2.738354
-3.625097
-4.632959
-5.358108
-5.732737
-5.934004
-5.962169
-5.465608
-4.112583
-2.119953
-0.269424
0.724744
0.856515
0.755053
0.955432
1.331123
1.328922
0.708972
-0.097994
-0.436789
-0.137317
0.347154
0.500611
0.305270
0.153286
0.276819
0.422890
0.149557
-0.651577
-1.641647
-2.437453
-3.038475
-3.814621
-5.134557
-7.081912
-9.515565
-12.292579
-15.322844
-18.386896
-20.979831
-22.477589
-22.621447
-21.949573
-21.701551
-23.049016
-26.101883
-29.517731
-31.229503
-29.885860
-25.850285
-20.853884
-16.574078
-13.426416
-10.641964
-7.408842
-3.806499
-0.570339
1.941602
4.309370
7.402369
11.175506
14.279964
15.078894
13.178001
9.963827
7.560016
7.140951
8.140720
8.994935
8.603583
7.145034
5.658417
5.025548
5.384105
6.332072
7.424062
8.357562
8.854368
8.685989
7.999522
7.507689
8.079030
9.955519
12.408104
14.304970
15.082968
15.108423
15.048657
14.986995
14.323097
12.605867
10.339316
8.758374
8.683244
9.610963
10.027342
8.699319
5.734089
2.455996
0.314577
-0.121679
0.714196
2.005273
3.145780
3.811699
3.708507
2.526055
0.273845
-2.399633
-4.401880
-4.899838
-3.953266
-2.483188
-1.565730
-1.651974
-2.357835
-2.934443
-2.958045
-2.674575
-2.794286
-3.952421
-6.207380
-8.854678
-10.671396
-10.532441
-8.119984
-4.273491
-0.636512
1.281361
1.016760
-0.620278
-2.159186
-2.447482
-1.314358
0.430736
1.526322
0.942192
-1.592387
-5.399464
-9.110213
-11.333646
-11.418713
-9.797492
-7.601426
-5.804796
-4.582275
-3.403952
-1.724688
0.419167
2.474284
3.994813
5.165724
6.663393
8.946004
11.635494
13.593708
13.672107
11.512640
7.744457
3.467868
-0.470214
-3.781143
-6.445654
-8.240192
-8.638201
-7.227791
-4.223652
-0.515686
2.862332
5.382993
7.208492
8.781395
10.271892
11.429692
11.923994
11.732827
11.124810
10.273788
9.002624
7.039318
4.575020
2.482039
1.803126
2.871207
4.896230
6.503407
6.803805
6.024192
5.123605
4.812002
4.952278
4.877952
4.180287
3.069327
1.962211
0.852125
-0.764027
-3.302431
-6.527476
-9.645737
-11.935600
-13.214375
-13.705493
-13.590965
-12.831821
-11.409096
-9.583599
-7.794690
-6.334531
-5.234486
-4.490885
-4.264660
-4.689489
-5.452970
-5.708727
-4.598852
-1.989045
1.288181
3.960443
5.175306
4.979091
4.090917
3.266736
2.816703
2.596836
2.345343
1.980056
1.586590
1.169016
0.493982
-0.718208
-2.382649
-3.868936
-4.375340
-3.635823
-2.297421
-1.502837
-1.951919
-3.271932
-4.289372
-3.963592
-2.148672
0.425972
2.806407
4.443162
5.325291
5.690544
5.690331
5.258517
4.166827
2.169799
-0.788351
-4.352034
-7.707499
-9.918602
-10.566741
-10.228253
-10.268356
-11.904933
-15.165707
-18.610206
-20.182426
-18.633818
-14.398232
-9.177783
-4.578311
-0.982370
2.356437
6.155416
10.063845
12.811247
13.416269
12.226276
10.687787
10.024752
10.136572
9.833801
8.175184
5.539659
3.333246
2.624308
3.086246
3.299389
2.088914
-0.422079
-3.003673
-4.445383
-4.474368
-3.706939
-2.934461
-2.599287
-2.869123
-3.925340
-5.903267
-8.500767
-10.825022
-11.859666
-11.214379
-9.427576
-7.502767
-6.112626
-5.180118
-4.106513
-2.309377
0.412937
3.846236
7.491568
10.708269
12.884342
13.664545
13.122673
11.724217
10.098810
8.814297
8.283779
8.730532
10.076639
11.803916
13.012419
12.801791
10.788170
7.380183
3.585586
0.467620
-1.393453
-2.114809
-2.312572
-2.652068
-3.451044
-4.598671
-5.816693
-6.993920
-8.239060
-9.570762
-10.582951
-10.534934
-8.917253
-5.996599
-2.753896
-0.174992
1.487224
2.786862
4.427554
6.506634
8.368930
9.177622
8.651760
7.319382
6.111613
5.678201
5.969836
6.358847
6.147982
5.059893
3.345296
1.447190
-0.482083
-2.765426
-5.872741
-9.835837
-13.955281
-17.137354
-18.625873
-18.493750
-17.445021
-16.098966
-14.401585
-11.697016
-7.410942
-1.773544
4.031137
8.462630
10.575994
10.648273
9.993323
10.053106
11.421205
13.547219
15.324986
15.994832
15.522060
14.183371
11.964356
8.587514
4.226897
0.026456
-2.435554
-2.466587
-1.054523
-0.146028
-0.933955
-2.810445
-4.075696
-3.717480
-2.455629
-2.000570
-3.321135
-5.701775
-7.490451
-7.688772
-6.762669
-5.966468
-5.999171
-6.360605
-5.924204
-4.018625
-0.955351
2.355843
5.167972
7.298369
8.957143
10.363641
11.576168
12.589841
13.446511
14.168280
14.616977
14.512477
13.654002
12.111260
10.133345
7.824647
4.942056
1.110025
-3.670184
-8.707929
-12.894107
-15.409587
-16.273446
-16.235377
-16.104740
-16.117434
-15.877594
-14.855105
-12.929717
-10.500788
-8.138787
-6.157838
-4.484344
-2.873003
-1.228082
0.249281
1.197243
1.413568
1.122142
0.936078
1.440482
2.643506
3.780999
3.794206
2.227154
-0.211189
-2.033854
-2.124332
-0.697156
0.816987
0.928494
-0.693079
-2.992872
-4.465839
-4.409161
-3.420149
-2.779082
-3.321488
-4.781509
-6.112981
-6.434128
-5.739036
-4.776471
-4.268353
-4.238624
-4.096907
-3.366437
-2.279519
-1.576189
-1.673930
-2.090578
-1.804462
-0.259337
2.019569
3.894141
4.734640
5.033651
5.846765
7.628573
9.692633
10.879398
10.736762
9.968157
9.671131
10.157013
10.574605
9.726402
7.258379
4.058668
1.512070
0.352490
0.161761
-0.120283
-1.230284
-3.017401
-4.668187
-5.414594
-5.109302
-4.265906
-3.608805
-3.507264
-3.713862
-3.602141
-2.728847
-1.264051
0.109085
0.785184
0.796339
0.778330
1.314385
2.268101
2.798172
2.112067
0.260957
-1.814614
-3.072929
-3.262991
-3.085697
-3.496973
-4.832097
-6.554206
-7.797056
-8.138122
-7.892693
-7.730365
-8.039088
-8.623697
-8.945799
-8.607202
-7.619643
-6.281311
-4.873064
-3.504161
-2.203398
-1.057113
-0.172811
0.495752
1.212611
2.270410
3.721472
5.337361
6.861425
8.263846
9.682940
11.109910
12.216839
12.601700
12.233135
11.589224
11.271260
11.447528
11.698643
11.433919
10.458692
9.131652
7.990726
7.254173
6.677252
5.844842
4.564362
2.990155
1.418584
-0.004931
-1.388568
-2.928385
-4.633992
-6.203185
-7.194514
-7.392000
-7.042458
-6.693628
-6.706190
-6.871437
-6.545179
-5.239330
-3.126316
-0.942945
0.637494
1.545098
2.228232
3.063782
3.915777
4.319210
4.067911
3.531082
3.313872
3.598176
3.869175
3.354207
1.775068
-0.307240
-1.885655
-2.280322
-1.618854
-0.660285
-0.183138
-0.470965
-1.255516
-2.056360
-2.576698
-2.859280
-3.155427
-3.675080
-4.423549
-5.216536
-5.819572
-6.087464
-6.012416
-5.678217
-5.184616
-4.604090
-3.980891
-3.340242
-2.684153
-1.989140
-1.234346
-0.451800
0.256438
0.782706
1.133971
1.503427
2.192837
3.394647
4.980988
6.488666
7.369427
7.360794
6.694810
5.942705
5.569826
5.538356
5.303590
4.250148
2.235035
-0.216020
-2.235980
-3.197230
-3.064693
-2.266430
-1.269540
-0.277186
0.729171
1.758804
2.706180
3.475879
4.137398
4.870541
5.727715
6.486225
6.792050
6.480374
5.753942
5.035085
4.630034
4.513076
4.399733
4.003017
3.230023
2.171978
0.938610
-0.493343
-2.278510
-4.541525
-7.184359
-9.832133
-11.988469
-13.294323
-13.686505
-13.344578
-12.514904
-11.392400
-10.124509
-8.834422
-7.568450
-6.244894
-4.758171
-3.208763
-1.990525
-1.527715
-1.839531
-2.392509
-2.482241
-1.830369
-0.805595
-0.037373
0.175491
0.057669
0.007562
0.152577
0.307742
0.317187
0.303856
0.495469
0.840365
0.910084
0.269936
-1.041985
-2.433845
-3.188250
-3.021264
-2.305737
-1.821334
-2.255884
-3.780477
-5.903047
-7.664618
-8.125143
-6.924308
-4.558483
-2.102745
-0.497408
0.078959
0.235187
0.768952
1.969968
3.428430
4.476180
4.814527
4.747004
4.835395
5.333912
5.938879
6.080144
5.474802
4.417326
3.515347
3.099630
2.872753
2.173214
0.648719
-1.303991
-2.800995
-3.231459
-2.796319
-2.295024
-2.368468
-2.942315
-3.388703
-3.183099
-2.368512
-1.415812
-0.727819
-0.336485
-0.017389
0.444587
1.173992
2.286935
3.860125
5.707847
7.259684
7.837835
7.190247
5.763709
4.392122
3.665583
3.578086
3.744884
3.882502
4.021483
4.288485
4.594170
4.629875
4.178339
3.372116
2.600383
2.156693
1.984157
1.751051
1.156509
0.177761
-0.929569
-1.832375
-2.334683
-2.450138
-2.309469
-2.003348
-1.500035
-0.708275
0.376543
1.590652
2.678872
3.470185
3.992640
4.431169
4.983480
5.740413
6.651185
7.545254
8.184900
8.367459
8.058595
7.436439
6.738133
6.002018
4.982816
3.401491
1.318430
-0.795967
-2.452150
-3.628185
-4.803953
-6.435028
-8.387092
-9.951818
-10.470403
-9.930995
-8.922051
-8.014871
-7.252566
-6.273907
-4.882827
-3.399169
-2.403601
-2.172270
-2.412772
-2.549205
-2.216386
-1.465254
-0.565116
0.279590
0.978666
1.411353
1.374595
0.761283
-0.228656
-1.136146
-1.573934
-1.540482
-1.405420
-1.575249
-2.159093
-2.935691
-3.607445
-4.050468
-4.311400
-4.402777
-4.180463
-3.493928
-2.472141
-1.598876
-1.397261
-1.951977
-2.729323
-2.929277
-2.102036
-0.483347
1.245474
2.519671
3.235505
3.604183
3.767378
3.639887
3.131069
2.432269
1.979860
2.093276
2.678826
3.321857
3.649321
3.559667
3.118321
2.340613
1.197116
-0.160129
-1.302440
-1.802601
-1.654002
-1.341318
-1.399204
-1.875794
-2.278360
-2.091173
-1.335498
-0.579798
-0.385779
-0.766850
-1.206001
-1.182210
-0.644004
0.028993
0.474256
0.700296
0.997196
1.550779
2.200178
2.588062
2.521218
2.151004
1.792864
1.587362
1.362366
0.841143
-0.013391
-0.865278
-1.224180
-0.822518
0.179595
1.316536
2.126841
2.386421
2.134956
1.574932
0.979869
0.633586
0.726680
1.208688
1.741311
1.890750
1.471771
0.740017
0.204141
0.181568
0.502135
0.651247
0.221955
-0.755320
-1.896603
-2.823310
-3.402666
-3.659870
-3.548856
-2.919868
-1.758515
-0.403411
0.583330
0.850996
0.585657
0.360352
0.602055
1.172394
1.479405
1.028954
-0.111222
-1.381322
-2.253444
-2.682678
-3.042312
-3.633061
-4.293637
-4.528783
-4.022293
-2.989988
-1.991364
-1.392968
-1.050691
-0.544847
0.295304
1.156914
1.563709
1.406600
1.099642
1.171716
1.712166
2.253612
2.222415
1.502863
0.557160
0.005983
0.101592
0.586247
1.009905
1.147588
1.127019
1.213602
1.518847
1.907168
2.136562
2.058594
1.699782
1.191407
0.641243
0.057947
-0.624198
-1.448744
-2.346198
-3.128558
-3.592864
-3.665669
-3.466894
-3.223398
-3.093630
-3.054868
-2.955375
-2.681719
-2.283544
-1.942158
-1.820857
-1.942212
-2.199069
-2.469064
-2.708087
-2.935404
-3.145853
-3.263780
-3.207052
-3.002094
-2.813279
-2.814296
-2.991093
-3.069265
-2.678338
-1.646831
-0.169026
1.328222
2.513773
3.369123
4.085072
4.755013
5.205391
5.169136
4.630597
3.951285
3.588981
3.662423
3.819164
3.583169
2.858786
2.077041
1.812881
2.238802
2.954582
3.359797
3.199424
2.758327
2.546554
2.812355
3.350346
3.745421
3.771836
3.563407
3.438960
3.599572
3.990087
4.409713
4.709154
4.865586
4.894147
4.740550
4.311286
3.630088
2.941001
2.596388
2.776445
3.285099
3.639291
3.411745
2.542138
1.350052
0.258349
-0.506829
-0.988460
-1.343192
-1.664158
-1.947472
-2.169894
-2.337874
-2.452616
-2.467791
-2.318892
-1.993967
-1.560212
-1.131093
-0.837944
-0.833447
-1.261503
-2.143823
-3.274798
-4.287800
-4.904619
-5.142889
-5.240379
-5.344491
-5.307482
-4.854884
-3.982760
-3.136237
-2.902964
-3.468551
-4.377075
-4.872957
-4.526414
-3.557397
-2.570340
-1.984742
-1.715578
-1.374828
-0.742615
-0.017345
0.392218
0.303767
-0.018994
-0.084185
0.384955
1.210084
1.947293
2.311556
2.414268
2.584898
2.972355
3.349542
3.335219
2.807238
2.068500
1.575179
1.495849
1.556345
1.334696
0.704599
-0.025188
-0.408968
-0.285647
0.098466
0.360575
0.340624
0.186562
0.121267
0.178508
0.194567
0.039370
-0.189434
-0.232621
0.069724
0.595143
1.023592
1.109421
0.880541
0.582982
0.432497
0.408034
0.274726
-0.187865
-0.960243
-1.765081
-2.276507
-2.371853
-2.202516
-2.028911
-1.986090
-2.006203
-1.957801
-1.836412
-1.791790
-1.959365
-2.282097
-2.526012
-2.487639
-2.185750
-1.843279
-1.678705
-1.712081
-1.765128
-1.641541
-1.313595
-0.953624
-0.793979
-0.935054
-1.249666
-1.456160
-1.314100
-0.805853
-0.163630
0.294619
0.404427
0.276970
0.198896
0.395635
0.864822
1.416070
1.857430
2.141102
2.342832
2.526572
2.652913
2.625822
2.416864
2.124281
1.894712
1.780352
1.676211
1.409177
0.902998
0.265243
-0.286485
-0.587140
-0.620324
-0.469195
-0.201280
0.168789
0.600964
0.955925
1.060349
0.879585
0.605618
0.521425
0.741207
1.087850
1.250890
1.076735
0.696509
0.367634
0.211171
0.128796
-0.029723
-0.259992
-0.400343
-0.328900
-0.121544
0.020521
-0.004558
-0.079098
0.007227
0.313693
0.644786
0.694134
0.295124
-0.448008
-1.236039
-1.758201
-1.835167
-1.462692
-0.785778
-0.037238
0.554901
0.870279
0.943925
0.906597
0.856325
0.774871
0.566671
0.177876
-0.323572
-0.779582
-1.045261
-1.066739
-0.882814
-0.582354
-0.274716
-0.084459
-0.132109
-0.473065
-1.026596
-1.568230
-1.828504
-1.654143
-1.118154
-0.483832
-0.035433
0.098897
-0.006602
-0.186341
-0.338150
-0.476725
-0.653524
-0.851939
-0.983465
-0.984321
-0.887493
-0.771405
-0.639734
-0.387147
0.078145
0.671754
1.124435
1.181466
0.840588
0.391470
0.195470
0.395885
0.823315
1.179342
1.319993
1.371763
1.579944
2.047200
2.620880
3.035597
3.162657
3.111024
3.075635
3.092866
2.971953
2.500799
1.732886
1.047593
0.876135
1.318237
2.007565
2.369676
2.054608
1.169437
0.133213
-0.675117
-1.146792
-1.386905
-1.500701
-1.472855
-1.243327
-0.854363
-0.480032
-0.299324
-0.352765
-0.533964
-0.712803
-0.847942
-0.972934
-1.090312
-1.108040
-0.897891
-0.418212
0.222207
0.817027
1.179548
1.232685
1.028639
0.713377
0.461301
0.393269
0.505447
0.663082
0.690745
0.508473
0.201738
-0.044798
-0.099266
0.009894
0.118191
0.050057
-0.261612
-0.741234
-1.223706
-1.547394
-1.637799
-1.546265
-1.419380
-1.403000
-1.534331
-1.701948
-1.712786
-1.421150
-0.827069
-0.084170
0.570992
0.917819
0.839482
0.377503
-0.272388
-0.842137
-1.122567
-1.062383
-0.765520
-0.400856
-0.108458
0.034420
0.004609
-0.166364
-0.380658
-0.505219
-0.466390
-0.334803
-0.298100
-0.516336
-0.983235
-1.526579
-1.949922
-2.182092
-2.301494
-2.429129
-2.600494
-2.726421
-2.661243
-2.313410
-1.718183
-1.028498
-0.429616
-0.027460
0.214088
0.432681
0.744969
1.140422
1.487308
1.647455
1.590103
1.394837
1.148558
0.853759
0.452138
-0.061820
-0.569196
-0.892691
-0.949152
-0.834491
-0.742930
-0.787213
-0.892286
-0.869661
-0.603997
-0.172741
0.214350
0.392483
0.363031
0.250862
0.158254
0.072964
-0.081464
-0.320990
-0.545409
-0.615118
-0.479348
-0.220805
0.029826
0.222821
0.434043
0.782499
1.298143
1.859496
2.257895
2.342036
2.135741
1.840008
1.708812
1.877626
2.266330
2.634495
2.753663
2.561912
2.174189
1.745929
1.320785
0.806617
0.098348
-0.776971
-1.636699
-2.263532
-2.556958
-2.582504
-2.491737
-2.401719
-2.339203
-2.274326
-2.184107
-2.075887
-1.957465
-1.797151
-1.522215
-1.064479
-0.419141
0.328683
1.032404
1.552421
1.822602
1.873230
1.797234
1.684646
1.571749
1.439710
1.259753
1.044867
0.860563
0.778759
0.809271
0.871526
0.843000
0.653051
0.340447
0.017256
-0.229920
-0.403304
-0.556433
-0.699796
-0.762817
-0.667588
-0.437875
-0.210441
-0.112314
-0.121311
-0.064175
0.226777
0.744370
1.290140
1.625881
1.647351
1.427002
1.113155
0.806266
0.529505
0.294923
0.168191
0.246738
0.562419
1.001992
1.333437
1.340192
0.970100
0.381086
-0.160648
-0.455271
-0.480372
-0.359086
-0.233724
-0.168775
-0.156894
-0.185331
-0.268143
-0.413350
-0.586632
-0.735398
-0.847984
-0.962859
-1.100354
-1.198737
-1.151724
-0.927231
-0.631951
-0.425811
-0.359495
-0.313991
-0.125523
0.226039
0.570813
0.706358
0.599515
0.419160
0.363753
0.465555
0.576545
0.546453
0.401159
0.331767
0.502272
0.867543
1.180445
1.181800
0.799781
0.190670
-0.393272
-0.777647
-0.939354
-0.947711
-0.856701
-0.654283
-0.304011
0.173272
0.660704
0.992031
1.054565
0.872530
0.603951
0.443046
0.489748
0.679438
0.830256
0.780092
0.511330
0.162361
-0.088630
-0.173487
-0.187175
-0.292414
-0.557930
-0.880299
-1.068701
-1.018764
-0.811102
-0.637866
-0.628360
-0.746050
-0.856392
-0.887619
-0.908956
-1.039349
-1.284978
-1.488524
-1.462200
-1.181865
-0.845146
-0.722940
-0.933965
-1.345919
-1.686172
-1.755061
-1.557157
-1.257636
-1.027065
-0.913638
-0.831314
-0.647303
-0.287974
0.209284
0.721954
1.121703
1.354031
1.463209
1.540736
1.634315
1.694671
1.613411
1.324998
0.882142
0.433335
0.119990
-0.017997
-0.053894
-0.107482
-0.265640
-0.547034
-0.915378
-1.310236
-1.670242
-1.945787
-2.106146
-2.140131
-2.048054
-1.830822
-1.487019
-1.023036
-0.470754
0.099616
0.585770
0.887701
0.961270
0.857411
0.708518
0.657852
0.778238
1.039600
1.340252
1.560885
1.597028
1.374350
0.880720
0.211459
-0.432360
-0.837804
-0.916302
-0.762217
-0.567651
-0.464995
-0.441674
-0.394303
-0.247198
-0.011045
0.253885
0.496794
0.684525
0.777119
0.739914
0.601169
0.476693
0.495164
0.671382
0.855744
0.830741
0.482577
-0.100346
-0.684176
-1.049687
-1.130353
-1.037091
-0.965147
-1.048025
-1.250627
-1.378409
-1.215206
-0.704763
-0.031469
0.486748
0.624678
0.409311
0.075128
-0.139223
-0.166629
-0.114510
-0.123994
-0.238514
-0.394238
-0.505479
-0.537342
-0.503601
-0.422260
-0.293433
-0.117315
0.081718
0.257174
0.365504
0.392622
0.368922
0.366808
0.470952
0.722919
1.076824
1.418287
1.651329
1.779795
1.894273
2.063670
2.240213
2.289312
2.129820
1.843484
1.628597
1.626580
1.784238
1.887512
1.740858
1.331627
0.837579
0.479169
0.347916
0.350662
0.306289
0.110206
-0.166842
-0.326725
-0.205493
0.178852
0.618097
0.861766
0.803584
0.549353
0.311769
0.233519
0.299502
0.402466
0.473135
0.533535
0.629451
0.733752
0.739732
0.559603
0.226195
-0.109692
-0.289659
-0.268033
-0.141943
-0.074460
-0.176857
-0.434658
-0.722328
-0.893922
-0.891788
-0.798490
-0.784414
-0.975540
-1.338867
-1.687173
-1.815729
-1.667704
-1.389900
-1.227153
-1.338221
-1.678616
-2.036280
-2.183997
-2.031441
-1.673208
-1.310958
-1.112696
-1.107877
-1.186601
-1.194760
-1.046125
-0.763487
-0.427439
-0.096305
0.219314
0.511758
0.728755
0.794228
0.685306
0.478248
0.300253
0.225707
0.220148
0.187906
0.072035
-0.094030
-0.225687
-0.265721
-0.222531
-0.144289
-0.071036
-0.012288
0.046177
0.132615
0.287378
0.550854
0.927838
1.350760
1.685383
1.796088
1.633733
1.279504
0.904259
0.665321
0.611055
0.659376
0.663129
0.513583
0.208905
-0.156034
-0.463380
-0.651451
-0.743904
-0.814970
-0.923034
-1.063615
-1.175237
-1.193056
-1.110500
-1.000321
-0.971405
-1.085195
-1.294173
-1.460115
-1.453481
-1.264147
-1.029784
-0.944876
-1.113705
-1.467462
-1.818634
-2.007663
-2.013908
-1.936753
-1.875051
-1.826551
-1.702232
-1.431971
-1.048570
-0.665138
-0.372675
-0.163059
0.049047
0.333759
0.676615
0.993837
1.206933
1.300572
1.316408
1.303523
1.281611
1.247711
1.206806
1.184820
1.206770
1.262908
1.300431
1.255215
1.100627
0.873062
0.650987
0.501516
0.435605
0.407989
0.363503
0.293308
0.253456
0.325587
0.546292
0.860750
1.142050
1.268430
1.204350
1.025420
0.868097
0.841152
0.962859
1.164483
1.347456
1.443469
1.434319
1.330964
1.147032
0.898074
0.621490
0.383508
0.250344
0.240875
0.305434
0.358134
0.341608
0.269843
0.211365
0.227875
0.322747
0.441920
0.519324
0.520524
0.448738
0.321621
0.155158
-0.027316
-0.182894
-0.265736
-0.268138
-0.240471
-0.253804
-0.329319
-0.406072
-0.392549
-0.263760
-0.109146
-0.073320
-0.233106
-0.520925
-0.767048
-0.825931
-0.678212
-0.427998
-0.211991
-0.107624
-0.111086
-0.180983
-0.287990
-0.422793
-0.569550
-0.688323
-0.734143
-0.695697
-0.612289
-0.547385
-0.538783
-0.568132
-0.575986
-0.509938
-0.366932
-0.197195
-0.068081
-0.016031
-0.022137
-0.028381
0.018004
0.124656
0.248073
0.326183
0.325192
0.264629
0.200366
0.178255
0.195592
0.202873
0.145962
0.014260
-0.146624
-0.270299
-0.323726
-0.332409
-0.353148
-0.418322
-0.503163
-0.547605
-0.513377
-0.423107
-0.344851
-0.337205
-0.406116
-0.509781
-0.599337
-0.651495
-0.665692
-0.641246
-0.570011
-0.455578
-0.331384
-0.245353
-0.217304
-0.214223
-0.178475
-0.088574
0.010270
0.045790
-0.003967
-0.075415
-0.071983
0.038850
0.180922
0.230820
0.135012
-0.029236
-0.113770
-0.030215
0.168961
0.334730
0.349528
0.221130
0.061337
-0.021076
-0.008515
0.031841
0.027930
-0.030263
-0.097221
-0.130883
-0.134081
-0.137795
-0.154085
-0.157125
-0.113640
-0.025333
0.067230
0.124450
0.146107
0.165214
0.205140
0.249247
0.257693
0.212963
0.143886
0.101830
0.114380
0.164323
0.212417
0.235671
0.239677
0.236053
0.216501
0.158257
0.058117
-0.044426
-0.088185
-0.042565
0.059679
0.146425
0.168370
0.139656
0.116454
0.136030
0.179887
0.198500
0.168946
0.122160
0.111313
0.157454
0.231176
0.286294
0.304450
0.302374
0.300471
0.294719
0.264502
0.202747
0.129222
0.071527
0.038831
0.020179
0.006115
0.002697
0.018459
0.042473
0.046892
0.018563
-0.015411
-0.004193
0.076186
0.188047
0.253906
0.220921
0.108971
-0.004157
-0.048019
-0.015359
0.041154
0.064062
0.043181
0.016053
0.020681
0.050859
0.060115
0.010433
-0.083821
-0.162325
-0.171455
-0.112977
-0.042222
-0.018299
-0.054145
-0.111526
-0.140900
-0.125063
-0.087319
-0.062885
-0.065666
-0.080908
-0.084849
-0.067823
-0.039197
-0.014076
0.001339
0.011454
0.021540
0.029184
0.026092
0.007207
-0.023152
-0.054034
-0.075572
-0.083605
-0.078281
-0.061136
-0.035841
-0.011364
-0.001154
-0.015245
-0.050908
-0.091666
-0.118008
-0.121755
-0.111332
-0.102889
-0.105409
-0.113571
-0.114565
-0.101507
-0.080136
-0.062744
-0.056220
-0.056488
-0.054347
-0.045964
-0.037042
-0.036777
-0.048017
-0.063231
-0.069742
-0.059284
-0.034010
-0.004930
0.015303
0.020029
0.011875
0.000020
-0.006465
-0.004496
0.002082
0.006833
0.006396
0.002705
0.000468
0.002845
0.009263
0.016507
0.021218
0.021455
0.016810
0.007982
-0.003493
-0.015458
-0.025569
-0.031831
-0.033020
-0.029055
-0.021324
-0.012515
-0.005491
-0.001623
0.000062
0.001942
0.005655
0.010577
0.014302
0.014734
0.011991
0.008557
0.007628
0.010991
0.017996
0.026197
0.032978
0.036919
0.038086
0.037376
0.035683
0.033536
0.031237
0.029104
0.027503
0.026675
0.026558
0.026754
0.026671
0.025776
0.023881
0.021293
0.018675
0.016650
0.015421
0.014714
0.014069
0.013210
0.012153
0.011034
0.009875
0.008577
0.007114
0.005691
0.004646
0.004160
0.004073
0.003988
0.003592
0.002879
0.002117
0.001613
0.001508
0.001753
0.002187
0.002603
0.002786
0.002559
0.001888
0.000955
0.000103
-0.000346
-0.000274
0.000175
0.000702
0.001020
0.000994
0.000668
0.000209
-0.000189
-0.000392
-0.000377
-0.000228
-0.000085
-0.000065
-0.000214
-0.000507
-0.000885
-0.001268
-0.001561
-0.001659
-0.001514
-0.001204
-0.000906
-0.000771
-0.000788
-0.000793
-0.000624
-0.000278
0.000112
0.000426
0.000679
0.000965
0.001292
0.001516
0.001462
0.001105
0.000627
0.000267
0.000138
0.000176
0.000250
0.000281
0.000266
0.000211
0.000101
-0.000071
-0.000245
-0.000322
-0.000251
-0.000083
0.000064
0.000111
0.000074
0.000033
0.000050
0.000117
0.000178
0.000183
0.000127
0.000049
-0.000003
-0.000008
0.000006
-0.000011
-0.000092
-0.000209
-0.000287
-0.000258
-0.000123
0.000041
0.000140
0.000134
0.000063
0.000004
-0.000006
0.000006
-0.000019
-0.000100
-0.000184
-0.000188
-0.000074
0.000102
0.000229
0.000228
0.000113
-0.000022
-0.000091
-0.000075
-0.000026
-0.000008
-0.000038
-0.000073
-0.000051
0.000066
0.000249
0.000417
0.000481
0.000404
0.000237
0.000077
-0.000006
-0.000029
-0.000061
-0.000140
-0.000219
-0.000212
-0.000096
0.000047
0.000101
0.000035
-0.000066
-0.000076
0.000039
0.000197
0.000283
0.000267
0.000221
0.000231
0.000295
0.000320
0.000219
0.000003
-0.000212
-0.000310
-0.000256
-0.000113
0.000034
0.000134
0.000177
0.000162
0.000079
-0.000063
-0.000206
-0.000264
-0.000196
-0.000045
0.000099
0.000170
0.000179
0.000180
0.000203
0.000221
0.000186
0.000094
-0.000010
-0.000065
-0.000046
0.000016
0.000066
0.000064
0.000012
-0.000059
-0.000104
-0.000102
-0.000066
-0.000033
-0.000021
-0.000008
0.000041
0.000132
0.000209
0.000201
0.000092
-0.000055
-0.000146
-0.000136
-0.000054
0.000044
0.000130
0.000200
0.000227
0.000154
-0.000046
-0.000296
-0.000439
-0.000358
-0.000093
0.000177
0.000266
0.000126
-0.000132
-0.000338
-0.000381
-0.000267
-0.000082
0.000073
0.000132
0.000090
-0.000008
-0.000094
-0.000121
-0.000090
-0.000040
-0.000006
0.000014
0.000049
0.000112
0.000173
0.000175
0.000089
-0.000053
-0.000167
-0.000183
-0.000102
0.000004
0.000042
-0.000018
-0.000117
-0.000156
-0.000087
0.000040
0.000120
0.000097
0.000008
-0.000062
-0.000075
-0.000071
-0.000107
-0.000170
-0.000180
-0.000085
0.000058
0.000125
0.000052
-0.000084
-0.000137
-0.000039
0.000121
0.000181
0.000067
-0.000134
-0.000255
-0.000197
-0.000006
0.000189
0.000279
0.000240
0.000118
-0.000023
-0.000125
-0.000151
-0.000094
0.000006
0.000083
0.000092
0.000043
-0.000012
-0.000035
-0.000033
-0.000038
-0.000057
-0.000061
-0.000022
0.000036
0.000051
-0.000013
-0.000115
-0.000167
-0.000120
-0.000013
0.000062
0.000055
0.000005
-0.000009
0.000043
0.000101
0.000080
-0.000039
-0.000187
-0.000257
-0.000195
-0.000040
0.000118
0.000197
0.000174
0.000081
-0.000015
-0.000054
-0.000012
0.000079
0.000146
0.000124
0.000009
-0.000134
-0.000221
-0.000209
-0.000120
-0.000009
0.000085
0.000152
0.000186
0.000163
0.000056
-0.000117
-0.000279
-0.000337
-0.000252
-0.000071
0.000107
0.000208
0.000220
0.000173
0.000094
-0.000008
-0.000105
-0.000143
-0.000075
0.000076
0.000206
0.000214
0.000087
-0.000075
-0.000153
-0.000110
-0.000016
0.000032
0.000005
-0.000047
-0.000055
-0.000009
0.000047
0.000058
0.000013
-0.000059
-0.000120
-0.000148
-0.000138
-0.000098
-0.000045
0.000000
0.000024
0.000033
0.000040
0.000050
0.000049
0.000027
-0.000007
-0.000028
-0.000018
0.000022
0.000069
0.000100
0.000099
0.000053
-0.000039
-0.000153
-0.000232
-0.000218
-0.000102
0.000057
0.000165
0.000167
0.000084
-0.000014
-0.000061
-0.000042
0.000022
0.000097
0.000156
0.000183
0.000167
0.000116
0.000054
0.000010
-0.000005
-0.000005
-0.000005
-0.000007
-0.000013
-0.000032
-0.000081
-0.000155
-0.000216
-0.000214
-0.000126
0.000018
0.000157
0.000232
0.000218
0.000126
-0.000007
-0.000119
-0.000150
-0.000075
0.000071
0.000208
0.000262
0.000214
0.000103
-0.000017
-0.000106
-0.000149
-0.000137
-0.000074
0.000011
0.000064
0.000044
-0.000038
-0.000118
-0.000131
-0.000059
0.000060
0.000165
0.000217
0.000206
0.000142
0.000044
-0.000061
-0.000134
-0.000143
-0.000090
-0.000005
0.000073
0.000121
0.000133
0.000111
0.000055
-0.000026
-0.000101
-0.000136
-0.000113
-0.000050
0.000018
0.000062
0.000074
0.000060
0.000026
-0.000021
-0.000067
-0.000093
-0.000084
-0.000037
0.000030
0.000088
0.000112
0.000085
0.000017
-0.000061
-0.000108
-0.000101
-0.000053
0.000003
0.000035
0.000037
0.000019
-0.000009
-0.000046
-0.000086
-0.000111
-0.000096
-0.000034
0.000044
0.000084
0.000046
-0.000057
-0.000159
-0.000186
-0.000110
0.000023
0.000129
0.000141
0.000060
-0.000058
-0.000143
-0.000163
-0.000124
-0.000055
0.000015
0.000070
0.000094
0.000080
0.000034
-0.000019
-0.000056
-0.000066
-0.000061
-0.000058
-0.000062
-0.000064
-0.000055
-0.000039
-0.000034
-0.000055
-0.000095
-0.000131
-0.000137
-0.000105
-0.000051
-0.000004
0.000015
0.000001
-0.000032
-0.000061
-0.000069
-0.000055
-0.000035
-0.000029
-0.000046
-0.000067
-0.000061
-0.000009
0.000072
0.000135
0.000139
0.000083
0.000008
-0.000040
-0.000044
-0.000028
-0.000024
-0.000041
-0.000059
-0.000050
-0.000012
0.000031
0.000046
0.000023
-0.000022
-0.000050
-0.000036
0.000017
0.000080
0.000113
0.000093
0.000030
-0.000043
-0.000088
-0.000086
-0.000043
0.000015
0.000062
0.000082
0.000074
0.000051
0.000029
0.000022
0.000031
0.000041
0.000034
0.000005
-0.000030
-0.000046
-0.000030
0.000009
0.000049
0.000079
0.000101
0.000126
0.000146
0.000142
0.000100
0.000035
-0.000015
-0.000024
0.000005
0.000040
0.000051
0.000033
0.000003
-0.000020
-0.000024
-0.000009
0.000016
0.000037
0.000033
-0.000005
-0.000062
-0.000103
-0.000101
-0.000058
-0.000003
0.000033
0.000045
0.000049
0.000059
0.000074
0.000083
0.000080
0.000071
0.000067
0.000069
0.000064
0.000043
0.000010
-0.000017
-0.000016
0.000018
0.000065
0.000095
0.000089
0.000049
-0.000003
-0.000046
-0.000068
-0.000068
-0.000052
-0.000025
0.000003
0.000018
0.000008
-0.000021
-0.000045
-0.000037
0.000009
0.000069
0.000103
0.000092
0.000043
-0.000011
-0.000049
-0.000065
-0.000071
-0.000073
-0.000064
-0.000037
0.000004
0.000042
0.000059
0.000054
0.000038
0.000025
0.000019
0.000017
0.000015
0.000014
0.000011
0.000001
-0.000021
-0.000051
-0.000073
-0.000071
-0.000040
0.000003
0.000032
0.000033
0.000013
-0.000011
-0.000030
-0.000046
-0.000069
-0.000094
-0.000103
-0.000080
-0.000032
0.000018
0.000044
0.000040
0.000020
0.000005
0.000000
-0.000000
-0.000008
-0.000024
-0.000042
-0.000050
-0.000045
-0.000032
-0.000018
-0.000006
0.000010
0.000033
0.000057
0.000067
0.000048
0.000002
-0.000044
-0.000063
-0.000045
-0.000007
0.000023
0.000028
0.000017
0.000006
0.000001
-0.000005
-0.000018
-0.000033
-0.000038
-0.000028
-0.000013
-0.000008
-0.000019
-0.000036
-0.000043
-0.000036
-0.000023
-0.000015
-0.000010
0.000001
0.000025
0.000051
0.000060
0.000044
0.000016
0.000001
0.000010
0.000030
0.000038
0.000026
0.000009
0.000007
0.000023
0.000043
0.000048
0.000036
0.000019
0.000010
0.000006
-0.000002
-0.000015
-0.000025
-0.000023
-0.000010
0.000005
0.000014
0.000019
0.000025
0.000031
0.000031
0.000020
0.000005
0.000000
0.000013
0.000031
0.000037
0.000021
-0.000006
-0.000024
-0.000022
-0.000006
0.000008
0.000013
0.000011
0.000013
0.000019
0.000023
0.000015
-0.000001
-0.000015
-0.000014
0.000000
0.000016
0.000023
0.000018
0.000009
0.000004
0.000007
0.000012
0.000014
0.000012
0.000010
0.000008
0.000006
-0.000000
-0.000009
-0.000015
-0.000012
-0.000001
0.000009
0.000010
0.000003
-0.000007
-0.000013
-0.000013
-0.000012
-0.000012
-0.000013
-0.000011
-0.000006
-0.000002
-0.000002
-0.000005
-0.000008
-0.000007
-0.000001
0.000006
0.000011
0.000013
0.000011
0.000007
0.000004
0.000003
0.000004
0.000007
0.000008
0.000008
0.000008
0.000007
0.000007
0.000004
