0.025116
0.029968
0.033408
0.034378
0.032224
0.027087
0.019911
0.012032
0.004612
-0.001606
-0.006340
-0.009433
-0.010694
-0.009882
-0.006942
-0.002256
0.003355
0.008929
0.013648
0.016938
0.018422
0.017899
0.015394
0.011180
0.005738
-0.000277
-0.006114
-0.011121
-0.014846
-0.017051
-0.017643
-0.016663
-0.014326
-0.011056
-0.007440
-0.004024
-0.001211
0.000752
0.001702
0.001511
0.000041
-0.002714
-0.006493
-0.010718
-0.014678
-0.017775
-0.019743
-0.020685
-0.020905
-0.020772
-0.020500
-0.020086
-0.019429
-0.018607
-0.017880
-0.017470
-0.017346
-0.017202
-0.016682
-0.015563
-0.013734
-0.011219
-0.008226
-0.005270
-0.003008
-0.002000
-0.002462
-0.004092
-0.006323
-0.008644
-0.010949
-0.013266
-0.015388
-0.016614
-0.016192
-0.013743
-0.009486
-0.004015
0.002009
0.008185
0.014293
0.019952
0.024539
0.027162
0.027149
0.024519
0.019902
0.014158
0.008313
0.003492
0.000556
0.000070
0.002187
0.006672
0.013103
0.021453
0.032064
0.044976
0.058755
0.070246
0.075794
0.071802
0.061547
0.048453
0.035461
0.023663
0.012550
0.001472
-0.009031
-0.017025
-0.020461
-0.017831
-0.010907
-0.001893
0.007048
0.014783
0.020995
0.025469
0.027804
0.027531
0.024361
0.018138
0.010093
0.001352
-0.006992
-0.014025
-0.019117
-0.021860
-0.022300
-0.020899
-0.018239
-0.014624
-0.010256
-0.005521
-0.001294
0.001389
0.001785
-0.000147
-0.003754
-0.008032
-0.012136
-0.015751
-0.018800
-0.021218
-0.022798
-0.023398
-0.022996
-0.021719
-0.019837
-0.017735
-0.015853
-0.014483
-0.013640
-0.013102
-0.012564
-0.011734
-0.010421
-0.008662
-0.006721
-0.004920
-0.003506
-0.002549
-0.002032
-0.001959
-0.002431
-0.003575
-0.005439
-0.007837
-0.010339
-0.012424
-0.013725
-0.014062
-0.013349
-0.011522
-0.008526
-0.004415
0.000587
0.005990
0.011095
0.015137
0.017550
0.018156
0.017099
0.014678
0.011187
0.007007
0.002642
-0.001284
-0.004187
-0.005577
-0.005073
-0.002424
0.002405
0.009172
0.017113
0.024975
0.031244
0.034775
0.035279
0.033267
0.029542
0.024675
0.018949
0.012591
0.006085
0.000169
-0.004349
-0.006856
-0.007093
-0.005203
-0.001740
0.002516
0.006790
0.010504
0.013332
0.015129
0.015825
0.015245
0.013245
0.009861
0.005495
0.000869
-0.003231
-0.006235
-0.008052
-0.008879
-0.008949
-0.008250
-0.006640
-0.004197
-0.001443
0.000809
0.001959
0.001916
0.001065
-0.000191
-0.001758
-0.003751
-0.006159
-0.008636
-0.010606
-0.011635
-0.011715
-0.011206
-0.010515
-0.009854
-0.009146
-0.008288
-0.007331
-0.006539
-0.006201
-0.006418
-0.007020
-0.007638
-0.007942
-0.007785
-0.007259
-0.006586
-0.006005
-0.005684
-0.005640
-0.005763
-0.005925
-0.006075
-0.006290
-0.006708
-0.007384
-0.008197
-0.008833
-0.008936
-0.008328
-0.007136
-0.005690
-0.004279
-0.002952
-0.001564
-0.000015
0.001516
0.002609
0.002893
0.002341
0.001307
0.000281
-0.000414
-0.000831
-0.001230
-0.001736
-0.002123
-0.001888
-0.000622
0.001714
0.004697
0.007649
0.009921
0.011130
0.011282
0.010714
0.009893
0.009124
0.008438
0.007626
0.006504
0.005158
0.004009
0.003550
0.004030
0.005249
0.006681
0.007805
0.008415
0.008642
0.008768
0.008974
0.009206
0.009255
0.008953
0.008329
0.007559
0.006827
0.006210
0.005681
0.005171
0.004669
0.004209
0.003805
0.003424
0.003008
0.002481
0.001817
0.001069
0.000300
-0.000466
-0.001273
-0.002133
-0.002989
-0.003702
-0.004114
-0.004190
-0.004063
-0.003901
-0.003801
-0.003729
-0.003568
-0.003261
-0.002905
-0.002705
-0.002843
-0.003336
-0.004039
-0.004732
-0.005289
-0.005748
-0.006228
-0.006817
-0.007473
-0.008070
-0.008474
-0.008661
-0.008706
-0.008713
-0.008718
-0.008673
-0.008503
-0.008188
-0.007804
-0.007461
-0.007223
-0.007058
-0.006884
-0.006633
-0.006292
-0.005918
-0.005567
-0.005257
-0.004950
-0.004571
-0.004078
-0.003463
-0.002809
-0.002242
-0.001866
-0.001694
-0.001659
-0.001616
-0.001409
-0.000968
-0.000336
0.000379
0.001073
0.001685
0.002204
0.002653
0.003063
0.003481
0.003958
0.004458
0.004898
0.005225
0.005549
0.006109
0.007195
0.008853
0.010832
0.012718
0.014160
0.015023
0.015452
0.015647
0.015681
0.015467
0.014860
0.013814
0.012488
0.011253
0.010369
0.009828
0.009322
0.008608
0.007749
0.007057
0.006831
0.007025
0.007315
0.007361
0.007031
0.006401
0.005624
0.004762
0.003755
0.002533
0.001139
-0.000289
-0.001604
-0.002728
-0.003633
-0.004310
-0.004750
-0.004981
-0.005049
-0.004991
-0.004740
-0.004218
-0.003403
-0.002458
-0.001714
-0.001454
-0.001748
-0.002398
-0.003114
-0.003740
-0.004411
-0.005420
-0.006885
-0.008591
-0.010114
-0.011076
-0.011404
-0.011235
-0.010799
-0.010205
-0.009469
-0.008534
-0.007381
-0.006035
-0.004627
-0.003362
-0.002503
-0.002302
-0.002707
-0.003459
-0.004263
-0.004902
-0.005318
-0.005530
-0.005550
-0.005303
-0.004775
-0.004046
-0.003236
-0.002443
-0.001609
-0.000691
0.000285
0.001277
0.002149
0.002748
0.002946
0.002813
0.002472
0.002090
0.001762
0.001498
0.001270
0.001116
0.001143
0.001349
0.001685
0.002228
0.003313
0.005174
0.007679
0.010322
0.012444
0.013763
0.014296
0.014255
0.013855
0.013222
0.012430
0.011434
0.010235
0.008741
0.007009
0.005194
0.003536
0.002242
0.001477
0.001161
0.001068
0.000993
0.000958
0.001127
0.001564
0.002084
0.002442
0.002426
0.002004
0.001325
0.000580
-0.000151
-0.000936
-0.001868
-0.002915
-0.003918
-0.004694
-0.005137
-0.005223
-0.004949
-0.004369
-0.003640
-0.002949
-0.002404
-0.002029
-0.001777
-0.001549
-0.001330
-0.001223
-0.001409
-0.002010
-0.002876
-0.003683
-0.004190
-0.004451
-0.004665
-0.004914
-0.005142
-0.005172
-0.004811
-0.003981
-0.002749
-0.001362
-0.000092
0.000829
0.001356
0.001548
0.001467
0.001209
0.000815
0.000293
-0.000394
-0.001138
-0.001800
-0.002264
-0.002588
-0.002826
-0.002986
-0.003004
-0.002767
-0.002179
-0.001242
-0.000178
0.000728
0.001253
0.001449
0.001439
0.001262
0.000843
0.000182
-0.000727
-0.001930
-0.003329
-0.004679
-0.005612
-0.005966
-0.005596
-0.004492
-0.002789
-0.000985
0.000360
0.001070
0.001238
0.001789
0.002167
0.002302
0.002137
0.001670
0.000961
0.000221
-0.000316
-0.000582
-0.000631
-0.000845
-0.001004
-0.001066
-0.000994
-0.000783
-0.000471
-0.000159
0.000037
0.000081
0.000000
0.000000
0.000000
0.000000
0.000000
0.000000
0.000000
0.000000
0.000000
0.000000
0.000000
0.000000
0.000000
0.000000
0.000000
0.000000
0.000000
0.000000
0.000000
0.000000
0.000000
0.000000
0.000000
0.000000
0.000000
0.000000
0.000000
0.000000
0.000000
0.000000
0.000000
0.000000
0.000000
0.000000
0.000000
0.000000
0.000000
0.000000
0.000000
0.000000
0.000000
0.000000
0.000000
0.000000
0.000000
0.000000
0.000000
0.000000
0.000000
0.000000
0.000000
0.000000
0.000000
0.000000
0.000000
0.000000
0.000000
0.000000
0.000000
0.000000
0.000000
0.000000
0.000000
0.000000
0.000000
0.000000
0.000000
0.000000
0.000000
0.000000
0.000000
0.000000
0.000000
0.000000
0.000000
0.000000
0.000000
0.000000
0.000000
0.000000
0.000000
