-0.087
-0.054
0.053
0.096
0.021
-0.059
-0.027
0.071
0.086
-0.028
-0.136
-0.1
0.044
0.137
0.091
-0.023
-0.093
-0.084
-0.042
-0.003
0.028
0.052
0.055
0.034
0.004
-0.022
-0.043
-0.045
-0.013
0.033
0.046
0.009
-0.026
-0.005
0.045
0.037
-0.047
-0.108
-0.054
0.067
0.115
0.033
-0.074
-0.083
-0.005
0.043
0.009
-0.029
0.009
0.082
0.075
-0.027
-0.109
-0.066
0.054
0.106
0.03
-0.077
-0.087
0.001
0.068
0.033
-0.046
-0.057
0.016
0.078
0.041
-0.052
-0.087
-0.025
0.058
0.068
0.009
-0.037
-0.03
-0.001
0.002
-0.008
0
0.021
0.024
0.002
-0.009
0.005
0.014
-0.009
-0.037
-0.018
0.036
0.057
0.01
-0.053
-0.061
-0.011
0.029
0.028
0.006
-0.004
-0.011
-0.023
-0.02
0.016
0.05
0.029
-0.036
-0.065
-0.011
0.062
0.062
-0.014
-0.071
-0.04
0.036
0.061
0.009
-0.053
-0.055
0
0.054
0.054
0.004
-0.048
-0.057
-0.011
0.048
0.061
0.004
-0.062
-0.057
0.019
0.082
0.05
-0.043
-0.089
-0.03
0.062
0.08
0.005
-0.07
-0.059
0.016
0.061
0.027
-0.034
-0.047
0
0.044
0.036
-0.009
-0.041
-0.027
0.012
0.036
0.023
-0.01
-0.037
-0.035
-0.002
0.035
0.044
0.011
-0.036
-0.048
-0.008
0.045
0.055
0.006
-0.05
-0.054
0.001
0.057
0.056
0.001
-0.052
-0.054
-0.006
0.046
0.057
0.021
-0.03
-0.058
-0.038
0.012
0.05
0.042
-0.005
-0.045
-0.039
0.005
0.044
0.037
0
-0.031
-0.025
0.006
0.03
0.026
0
-0.026
-0.03
-0.012
0.014
0.028
0.016
-0.014
-0.035
-0.025
0.009
0.038
0.034
-0.001
-0.036
-0.039
-0.005
0.032
0.041
0.011
-0.03
-0.044
-0.016
0.031
0.054
0.03
-0.02
-0.054
-0.04
0.003
0.037
0.035
0.004
-0.023
-0.024
-0.003
0.016
0.016
-0.005
-0.026
-0.023
0.005
0.036
0.035
-0.008
-0.055
-0.055
0.002
0.064
0.065
0.001
-0.064
-0.065
-0.004
0.054
0.053
0
-0.044
-0.037
0.009
0.045
0.032
-0.017
-0.051
-0.032
0.024
0.057
0.026
-0.041
-0.073
-0.027
0.05
0.076
0.017
-0.065
-0.077
-0.001
0.079
0.073
-0.017
-0.094
-0.069
0.036
0.112
0.077
-0.035
-0.111
-0.072
0.041
0.115
0.074
-0.039
-0.116
-0.078
0.033
0.109
0.073
-0.035
-0.105
-0.066
0.043
0.11
0.066
-0.041
-0.102
-0.056
0.041
0.089
0.041
-0.046
-0.082
-0.034
0.043
0.072
0.03
-0.035
-0.065
-0.037
0.017
0.053
0.042
-0.002
-0.043
-0.046
-0.008
0.036
0.046
0.009
-0.037
-0.047
-0.008
0.039
0.045
0.004
-0.041
-0.045
-0.004
0.04
0.045
0.006
-0.036
-0.043
-0.009
0.033
0.044
0.011
-0.035
-0.052
-0.021
0.029
0.052
0.024
-0.027
-0.05
-0.02
0.03
0.052
0.022
-0.028
-0.048
-0.018
0.028
0.045
0.016
-0.026
-0.041
-0.012
0.026
0.036
0.008
-0.028
-0.036
-0.008
0.026
0.035
0.009
-0.023
-0.031
-0.01
0.017
0.026
0.011
-0.01
-0.016
-0.004
0.011
0.015
0.005
-0.006
-0.008
0
0.004
0.002
-0.004
-0.006
-0.002
0.001
0.002
0
0
0.005
0.008
0.006
0
-0.006
-0.008
-0.005
0
0.002
0
0
0.002
0.005
0.005
0
-0.006
-0.008
-0.002
0.003
0
-0.005
-0.007
0.002
0.016
0.018
0.001
-0.02
-0.026
-0.009
0.017
0.029
0.016
-0.009
-0.024
-0.015
0.007
0.021
0.012
-0.008
-0.021
-0.014
0.005
0.017
0.011
-0.008
-0.02
-0.012
0.008
0.024
0.018
-0.004
-0.022
-0.02
0
0.02
0.019
0
-0.019
-0.018
0.001
0.02
0.02
0
-0.016
-0.014
0.004
0.018
0.012
-0.009
-0.025
-0.019
0.006
0.029
0.029
0.005
-0.022
-0.032
-0.016
0.009
0.024
0.017
-0.002
-0.018
-0.018
-0.003
0.014
0.02
0.012
-0.004
-0.013
-0.008
0.006
0.017
0.013
0
-0.012
-0.011
-0.001
0.006
0.004
-0.006
-0.014
-0.01
0.003
0.018
0.02
0.006
-0.012
-0.02
-0.009
0.01
0.02
0.011
-0.006
-0.018
-0.011
0.005
0.016
0.009
-0.007
-0.019
-0.013
0.005
0.02
0.012
-0.009
-0.024
-0.015
0.008
0.023
0.011
-0.012
-0.02
-0.002
0.02
0.02
-0.004
-0.027
-0.02
0.009
0.031
0.02
-0.012
-0.035
-0.023
0.009
0.031
0.021
-0.008
-0.03
-0.023
0.002
0.022
0.018
-0.001
-0.017
-0.015
0.001
0.014
0.012
0
-0.012
-0.01
0.005
0.019
0.016
-0.006
-0.029
-0.028
0
0.032
0.037
0.009
-0.027
-0.037
-0.015
0.018
0.034
0.02
-0.006
-0.024
-0.021
-0.004
0.014
0.021
0.011
-0.007
-0.018
-0.011
0.007
0.019
0.012
-0.005
-0.014
-0.006
0.006
0.009
0
-0.011
-0.011
-0.002
0.006
0.006
0
-0.005
-0.006
-0.004
0
0.003
0.004
0.004
0.001
0
0
0.002
0.003
0
0
0.002
0.006
0.005
-0.002
-0.009
-0.008
0
0.007
0.005
-0.004
-0.009
-0.005
0.003
0.008
0.005
-0.001
-0.006
-0.009
-0.007
0
0.008
0.011
0.004
-0.009
-0.014
-0.004
0.012
0.017
0.005
-0.013
-0.02
-0.008
0.008
0.015
0.008
-0.004
-0.011
-0.009
0
0.009
0.014
0.012
0.001
-0.011
-0.015
-0.005
0.008
0.016
0.01
-0.003
-0.012
-0.009
0
0.01
0.011
0.004
-0.006
-0.014
-0.014
-0.004
0.011
0.022
0.017
-0.001
-0.02
-0.021
-0.002
0.02
0.025
0.008
-0.016
-0.027
-0.018
0
0.017
0.019
0.008
-0.009
-0.021
-0.018
0
0.021
0.026
0.007
-0.018
-0.027
-0.011
0.014
0.025
0.011
-0.011
-0.022
-0.012
0.005
0.017
0.013
0
-0.01
-0.013
-0.007
0.002
0.009
0.007
-0.001
-0.009
-0.009
-0.001
0.006
0.008
0
-0.008
-0.009
-0.004
0.002
0.002
-0.004
-0.008
-0.005
0.002
0.008
0.008
0.003
-0.002
-0.002
0.004
0.009
0.007
-0.003
-0.014
-0.016
-0.005
0.008
0.015
0.009
-0.004
-0.012
-0.011
0
0.008
0.011
0.005
-0.004
-0.009
-0.006
0.002
0.008
0.007
0
-0.005
-0.006
-0.002
0.003
0.005
0.002
-0.003
-0.006
-0.004
0.003
0.007
0.004
-0.002
-0.004
0.003
0.012
0.012
0.001
-0.011
-0.011
0
0.011
0.011
0
-0.014
-0.016
-0.005
0.008
0.012
0.002
-0.011
-0.015
-0.004
0.011
0.017
0.008
-0.005
-0.01
-0.002
0.008
0.01
0.001
-0.009
-0.011
0
0.011
0.013
0.002
-0.011
-0.014
-0.003
0.008
0.008
-0.002
-0.01
-0.006
0.004
0.01
0.005
-0.006
-0.011
-0.006
0
0.004
0.002
-0.001
-0.004
-0.002
0
0.003
0
-0.005
-0.007
0
0.011
0.015
0.005
-0.007
-0.011
-0.003
0.005
0.003
-0.006
-0.01
-0.003
0.007
0.008
-0.002
-0.012
-0.009
0.002
0.011
0.007
-0.005
-0.012
-0.006
0.007
0.015
0.008
-0.007
-0.017
-0.012
0.004
0.016
0.011
-0.002
-0.012
-0.007
0.006
0.015
0.009
-0.004
-0.012
-0.007
0.002
0.006
0.002
-0.004
-0.005
0
0.003
0.002
0
0
0
-0.002
-0.005
-0.005
0
0.007
0.008
0.002
-0.005
-0.005
0.001
0.009
0.009
0.002
-0.005
-0.006
0
0.007
0.008
0
-0.011
-0.014
-0.007
0.005
0.011
0.004
-0.007
-0.012
-0.005
0.006
0.011
0.006
-0.001
-0.005
-0.002
0.001
0.002
0
-0.004
-0.004
0
0.004
0.005
0.004
0.001
0
0
0
0
0.001
0.002
0
-0.002
-0.002
0
0
0.001
-0.001
-0.004
-0.005
-0.002
0
0.003
0.002
0
0
0
0.002
0.004
0.005
0.003
0.002
0.003
0.004
0.003
0
-0.004
-0.004
-0.003
-0.003
-0.005
-0.005
-0.001
0.004
0.005
0
-0.006
-0.007
-0.001
0.006
0.01
0.006
-0.001
-0.005
-0.004
0.001
0.005
0.004
0
-0.002
0
0.003
0.006
0.004
-0.001
-0.006
-0.005
0
0.005
0.005
0
-0.003
-0.004
0
0.003
0.005
0.005
0.002
-0.003
-0.005
-0.003
0.002
0.005
0
-0.007
-0.009
-0.002
0.008
0.011
0.004
-0.005
-0.007
0
0.008
0.006
-0.002
-0.008
-0.005
0
0.004
0.002
0
0
0.001
0.002
0.001
0.002
0.005
0.006
0.002
-0.005
-0.008
-0.005
0.001
0.002
-0.002
-0.008
-0.006
0
0.008
0.008
0.002
-0.004
-0.004
0
0.005
0.006
0.003
-0.001
-0.002
0
0.003
0.003
0
-0.004
-0.003
0
0.004
0.005
0.002
0
0
0
0.001
0.004
0.008
0.009
0.007
0.006
0.014
0.028
0.044
0.055
0.065
0.078
0.098
0.117
0.127
0.126
0.117
0.111
0.107
0.096
0.072
0.037
-0.002
-0.033
-0.057
-0.078
-0.108
-0.15
-0.202
-0.255
-0.298
-0.326
-0.336
-0.334
-0.321
-0.295
-0.237
-0.135
0.008
0.165
0.293
0.366
0.392
0.402
0.412
0.406
0.349
0.232
0.088
-0.025
-0.088
-0.123
-0.17
-0.228
-0.26
-0.235
-0.175
-0.144
-0.173
-0.219
-0.202
-0.091
0.059
0.161
0.181
0.171
0.205
0.303
0.423
0.508
0.539
0.528
0.488
0.416
0.323
0.257
0.28
0.415
0.626
0.84
1.004
1.111
1.197
1.304
1.441
1.568
1.614
1.538
1.37
1.197
1.072
0.97
0.84
0.732
0.813
1.221
1.857
2.381
2.444
1.977
1.239
0.583
0.175
-0.075
-0.36
-0.788
-1.336
-1.91
-2.402
-2.679
-2.6
-2.11
-1.335
-0.578
-0.151
-0.171
-0.489
-0.833
-1.07
-1.33
-1.849
-2.642
-3.358
-3.503
-2.874
-1.738
-0.576
0.344
1.092
1.791
2.307
2.325
1.725
0.826
0.193
0.15
0.481
0.594
0.023
-1.121
-2.121
-2.119
-0.827
1.144
2.677
3.043
2.468
1.771
1.413
0.981
-0.267
-2.36
-4.247
-4.65
-3.311
-1.395
-0.594
-1.778
-4.386
-6.962
-8.24
-7.873
-6.398
-4.645
-3.05
-1.345
1.135
4.675
8.551
11.321
11.987
10.978
9.775
9.356
9.077
7.373
3.662
-0.689
-3.544
-4.065
-3.351
-2.984
-3.291
-3.352
-2.565
-1.693
-2.085
-4.063
-6.473
-7.842
-7.711
-6.719
-5.664
-4.876
-4.41
-4.402
-4.85
-5.268
-4.989
-3.933
-2.767
-2.013
-1.222
0.541
3.31
5.799
6.761
6.54
6.674
7.834
8.735
7.644
4.709
1.981
0.866
0.24
-2.129
-6.465
-10.198
-10.687
-8.074
-4.651
-1.754
1.553
6.2
10.478
11.081
6.98
1.308
-1.405
0.394
4.339
7.269
8.339
8.585
8.297
6.118
1.083
-5.26
-9.577
-9.67
-6.357
-2.452
-0.187
0.287
0.245
0.648
1.162
0.723
-1.058
-3.188
-4.105
-3.305
-1.871
-1.217
-1.472
-1.598
-1.114
-1.008
-2.312
-4.153
-4.249
-1.792
1.026
1.381
-0.416
-0.794
2.708
7.632
8.599
3.452
-3.599
-6.02
-1.944
3.871
5.389
1.762
-2.367
-2.603
0.467
2.758
1.889
-0.449
-1.361
-0.54
-0.05
-0.891
-1.381
0.239
2.585
2.055
-2.663
-8.129
-9.265
-4.805
1.298
4.212
3.177
1.459
1.848
3.478
3.563
1.299
-1.215
-1.872
-1.079
-0.63
-0.868
-0.352
1.483
2.64
0.681
-3.836
-7.36
-7.167
-4.344
-2.067
-1.479
-0.583
2.402
5.804
5.965
1.889
-2.877
-3.846
-0.474
3.519
4.709
3.727
3.799
6.206
8.52
7.715
4.044
0.775
0.208
1.037
0.259
-2.885
-5.812
-5.516
-1.894
2.304
4.39
3.911
2.035
-0.276
-2.761
-4.87
-5.381
-3.673
-1.035
0.159
-0.988
-2.607
-1.941
1.372
4.49
4.292
0.853
-2.634
-3.521
-2.585
-2.637
-4.597
-5.972
-3.807
1.42
5.737
5.596
1.337
-3.506
-5.791
-5.122
-3.03
-0.818
1.243
3.086
4.095
3.503
1.261
-1.69
-3.932
-4.286
-2.443
0.649
3.036
2.963
0.405
-2.643
-3.781
-2.374
-0.073
0.953
0.216
-0.785
-0.259
2.201
5.65
9.022
11.809
13.583
13.497
10.844
6.083
0.929
-2.802
-4.33
-3.913
-2.135
0.374
2.661
3.542
2.51
0.459
-0.993
-1.112
-0.803
-1.507
-3.426
-5.128
-5.033
-3.167
-1.17
-0.561
-1.158
-1.401
-0.207
1.723
2.681
1.95
0.749
0.921
2.805
4.724
4.742
2.684
0.156
-1.321
-1.819
-2.59
-4.61
-7.902
-12.008
-16.355
-19.836
-20.648
-17.488
-11.191
-4.634
-0.42
1.356
2.706
5.171
8.121
9.773
9.423
8.078
6.995
6.291
5.341
4.023
2.85
1.937
0.617
-1.439
-3.174
-2.933
-0.401
2.79
4.652
4.716
3.981
3.276
2.336
0.63
-1.407
-2.538
-2.021
-0.407
1.049
1.478
0.797
-0.587
-2.092
-3.016
-2.714
-1.008
1.598
4.175
5.834
6.006
4.566
1.984
-0.708
-2.496
-3.152
-3.33
-3.71
-4.16
-3.983
-2.973
-1.835
-1.348
-1.347
-0.954
0.183
1.289
1.407
0.709
0.44
1.461
3.193
4.231
3.831
2.496
1.181
0.317
-0.215
-0.5
-0.466
-0.396
-1.095
-3.122
-5.87
-7.756
-7.588
-5.755
-3.89
-3.257
-3.527
-3.272
-1.754
-0.084
-0.314
-3.191
-6.973
-8.869
-7.813
-5.568
-4.804
-6.204
-7.931
-7.973
-6.405
-4.761
-3.543
-1.389
2.745
7.299
9.177
7.322
4.339
3.711
5.733
7.247
5.744
2.815
2.553
6.604
11.872
13.767
11.248
7.817
7.436
10.191
12.45
10.983
6.258
1.608
-0.272
0.43
1.648
1.996
1.972
2.819
4.636
5.947
5.162
2.322
-0.69
-1.707
-0.029
3.173
5.958
7.058
6.542
5.472
5.063
5.9
7.631
9.248
9.702
8.372
5.127
0.326
-4.993
-9.19
-10.912
-10.372
-9.473
-10.171
-12.589
-15.057
-16.106
-15.942
-15.542
-14.696
-11.864
-6.39
-0.134
4.05
5.533
6.718
9.997
14.333
15.889
12.363
5.997
1.529
1.361
3.591
5.025
5.18
6.3
9.668
13.241
13.854
11.18
8.235
7.617
8.153
6.175
-0.113
-8.493
-15.178
-18.67
-20.543
-22.815
-25.556
-27.294
-26.942
-24.553
-20.471
-14.76
-7.828
-0.997
4.345
8.131
11.578
15.588
19.523
21.906
22.096
20.918
19.735
19.282
19.48
19.869
19.819
18.576
15.731
11.958
8.945
8.13
9.256
10.283
8.892
4.39
-1.488
-5.541
-5.348
-1.307
3.194
4.07
-0.396
-8.451
-16.837
-23.743
-29.544
-34.798
-38.322
-37.999
-33.418
-26.988
-21.967
-19.612
-18.587
-16.823
-13.292
-7.95
-0.949
7.065
14.029
17.009
14.623
8.835
3.63
1.632
2.255
3.247
3.477
3.596
4.223
4.479
2.993
-0.026
-2.599
-3.152
-2.43
-2.761
-5.494
-9.537
-12.4
-12.35
-9.508
-5.393
-1.892
-0.426
-1.343
-3.669
-5.771
-6.739
-7.122
-7.972
-9.068
-8.519
-4.524
2.549
10.085
15.31
17.381
17.504
17.313
17.281
16.501
13.721
8.67
2.611
-2.372
-4.944
-5.566
-5.898
-7.014
-8.416
-9.013
-8.788
-8.911
-9.983
-10.776
-9.433
-5.95
-2.861
-3.018
-6.848
-12.072
-15.897
-17.001
-15.47
-11.686
-6.146
-0.321
3.301
2.908
-0.819
-5.013
-6.971
-6.07
-3.291
0.576
5.561
11.33
16.306
18.838
19.084
18.817
18.929
17.865
13.584
6.985
2.186
2.481
6.42
8.898
6.365
0.304
-4.779
-6.132
-4.773
-3.204
-2.347
-1.337
0.446
2.196
2.651
1.531
-0.358
-2.115
-3.471
-4.734
-6.307
-8.089
-9.016
-7.396
-2.369
4.743
11.082
14.806
16.828
19.388
22.866
24.687
21.931
14.778
6.728
1.293
-1.149
-3.023
-6.396
-10.563
-12.654
-10.34
-3.972
3.514
8.592
9.49
7.342
5.337
6.25
10.089
13.883
14.152
10.139
4.691
1.623
1.897
2.575
0.007
-5.843
-10.69
-10.069
-4.283
1.255
1.079
-4.918
-11.286
-12.277
-7.184
-0.551
2.519
1.004
-1.757
-1.723
2.119
7.216
10.009
9.001
5.76
3.217
2.92
3.767
3.474
1.241
-1.371
-2.511
-2.538
-3.616
-6.534
-8.809
-7.039
-1.086
5.188
7.97
7.55
7.316
8.955
10.086
7.469
1.695
-2.754
-2.345
1.583
4.365
2.854
-2.067
-7.453
-11.5
-14.234
-15.878
-15.824
-13.544
-9.818
-6.407
-4.563
-4.19
-4.444
-4.872
-5.883
-8.272
-12.364
-17.363
-21.428
-22.685
-20.7
-17.085
-14.252
-13.124
-12.157
-9.095
-3.904
0.452
0.82
-2.485
-5.438
-4.36
-0.111
2.505
-0.079
-6.068
-10.036
-8.746
-4.509
-2.307
-4.085
-6.697
-5.518
0.719
9.083
15.777
19.384
20.891
21.618
22.031
22.262
22.695
23.436
23.65
22.167
18.949
15.543
13.697
13.532
13.292
11.008
6.412
1.29
-1.965
-2.244
-0.458
1.332
1.505
-0.145
-2.686
-4.986
-6.309
-6.218
-4.449
-1.314
1.916
3.535
2.674
-0.041
-3.257
-6.144
-8.589
-10.323
-10.536
-8.753
-5.776
-3.173
-1.846
-1.539
-1.814
-2.746
-4.123
-4.462
-2.039
2.642
6.241
5.499
0.849
-3.641
-4.368
-1.856
0.048
-1.673
-6.424
-11.134
-13.257
-12.235
-8.857
-4.392
-0.474
1.34
0.992
0.669
3.098
8.476
13.594
14.671
11.177
6.444
4.366
5.728
7.932
8.022
5.619
2.925
2.252
3.774
5.567
5.6
3.664
1.415
0.535
0.842
0.353
-2.561
-7.102
-10.437
-10.511
-8.355
-7.176
-8.895
-11.834
-12.323
-8.721
-3.458
-0.656
-1.896
-4.858
-6.345
-5.961
-5.943
-7.381
-7.782
-3.621
4.737
11.967
12.773
7.864
3.86
6.534
14.487
20.361
18.517
10.963
5.209
6.575
13.251
18.924
19.476
16.329
13.554
12.837
12.174
9.147
4.34
0.708
-0.126
-0.017
-2.167
-7.173
-11.927
-12.852
-9.937
-6.986
-7.686
-11.813
-15.75
-16.637
-15.434
-15.565
-18.906
-23.702
-26.465
-25.379
-21.446
-16.777
-12.586
-8.986
-5.959
-3.699
-2.133
-0.844
0.249
0.661
0.271
0.143
1.679
4.871
8.123
10.285
12.366
16.262
21.674
25.179
23.316
16.595
9.716
7.315
9.598
12.42
11.56
6.605
0.612
-3.538
-5.927
-8.681
-12.755
-16.204
-15.99
-11.473
-5.792
-3.444
-6.25
-11.676
-15.103
-13.759
-8.493
-2.06
3.681
8.494
12.126
13.175
10.574
6.004
3.598
6.19
12.035
16.164
15.372
11.262
7.855
6.837
6.336
4.452
2.578
3.846
8.532
12.484
11.022
3.901
-4.399
-9.254
-9.999
-9.408
-9.94
-11.394
-12.087
-11.433
-10.754
-11.697
-14.258
-16.489
-16.043
-12.128
-6.208
-0.935
1.764
1.793
0.316
-1.608
-3.612
-5.364
-6.036
-5.103
-3.608
-3.812
-6.919
-11.376
-14.182
-14.107
-13.018
-13.476
-15.449
-16.339
-14.493
-11.779
-11.742
-15.377
-19.644
-20.517
-16.865
-10.867
-5.289
-1.552
-0.382
-2.669
-8.153
-13.703
-14.776
-9.732
-2.098
2.638
2.548
0.74
1.155
3.925
5.916
5.431
4.889
7.986
14.769
20.596
20.306
13.118
3.379
-3.041
-2.939
2.808
10.787
17.597
21.645
23.488
24.821
26.757
28.593
28.231
24.187
17.493
11.467
9.134
10.535
12.575
11.819
7.641
2.713
0.446
2
5.621
8.532
9.248
8.377
7.773
9.064
12.45
16.349
18.299
16.88
13.119
9.674
8.211
7.693
5.695
1.421
-3.105
-5.092
-3.751
-0.49
3.311
7.71
12.943
17.56
19.052
16.587
12.303
9.164
7.835
6.461
3.571
0.316
-0.919
0.177
0.845
-2.064
-8.729
-16.118
-20.925
-22.316
-21.744
-20.631
-18.779
-15.114
-9.536
-3.659
0.349
1.5
0.53
-1.117
-2.645
-4.181
-5.898
-7.17
-6.829
-4.292
-0.362
3.161
4.727
4.033
2
-0.161
-1.943
-3.774
-6.248
-9.054
-10.71
-9.612
-5.621
-0.631
2.643
2.772
0.707
-1.154
-1.193
-0.139
-0.585
-4.681
-11.886
-18.831
-21.767
-19.69
-15.207
-12.049
-11.532
-11.614
-9.646
-5.77
-2.999
-3.805
-7.162
-9.661
-9.438
-8.245
-9.181
-12.803
-16.264
-16.483
-13.56
-10.552
-9.988
-11.154
-10.991
-7.367
-1.192
4.586
7.742
8.528
8.96
10.657
13.308
15.1
14.515
11.798
8.82
7.562
8.587
10.662
11.667
10.089
6.147
1.83
-0.398
0.458
2.938
4.247
2.852
0.033
-1.368
0.032
2.579
3.341
1.474
-0.575
0.367
4.445
7.999
6.98
1.151
-5.401
-8.155
-6.381
-3.332
-2.402
-3.61
-4.169
-2.098
1.443
3.673
3.486
2.602
3.425
6.337
9.51
11.172
11.489
12.039
13.746
15.676
15.841
12.989
7.675
1.927
-2.023
-3.081
-1.998
-0.924
-1.793
-4.589
-7.136
-7.016
-3.926
-0.004
2.409
3.15
4.044
6.424
9.361
10.734
9.699
7.524
5.97
5.55
5.772
6.551
8.378
10.885
12.099
10.084
5.378
1.108
0.163
2.328
4.467
3.526
-0.766
-5.947
-9.115
-9.081
-6.785
-4.166
-2.699
-2.592
-2.977
-2.852
-2.002
-1.053
-0.617
-0.468
0.193
1.61
2.844
2.645
1.036
-0.246
0.75
4.173
7.961
9.671
8.73
6.732
5.546
5.285
4.4
1.684
-2.133
-5.039
-5.819
-5.2
-4.835
-5.505
-6.625
-7.385
-7.922
-9.125
-11.493
-14.482
-16.944
-17.948
-17.211
-15.089
-12.433
-10.222
-8.898
-7.904
-6.178
-3.391
-0.619
0.499
-0.603
-2.737
-3.987
-3.353
-1.412
0.433
1.134
0.517
-0.911
-2.371
-3.114
-2.773
-1.674
-0.763
-0.907
-2.069
-3.157
-2.87
-0.927
1.407
2.141
0.219
-3.32
-5.93
-5.692
-3.193
-1.139
-1.748
-4.405
-6.188
-4.916
-1.519
0.978
0.771
-0.812
-0.904
1.72
5.465
7.798
7.79
6.602
5.874
6.207
7.127
7.917
8.103
7.463
6.148
4.919
4.813
6.135
7.817
8.136
6.279
3.191
0.734
-0.023
0.306
0.173
-1.371
-3.869
-6.047
-7.071
-7.158
-7.01
-6.782
-5.736
-3.026
1.172
5.335
7.571
7.138
5.145
3.676
4.041
5.723
7.042
6.847
5.512
4.271
3.792
3.687
3.399
3.148
3.605
4.715
5.343
4.432
2.309
0.453
-0.136
-0.049
-0.705
-2.67
-5
-6.288
-6.084
-5.124
-4.375
-4.158
-4.18
-4.085
-3.773
-3.359
-3.116
-3.463
-4.717
-6.643
-8.408
-9.313
-9.606
-10.305
-11.882
-13.244
-12.445
-8.795
-4.169
-1.764
-3.147
-6.612
-8.777
-8.005
-6.023
-5.931
-8.754
-12.363
-13.863
-12.599
-10.357
-8.846
-7.71
-5.357
-1.268
3.207
6.346
7.685
7.898
7.563
6.769
5.844
5.64
6.566
7.704
7.606
6.072
4.597
4.712
6.23
7.584
7.796
7.513
7.846
8.617
8.294
5.633
1.034
-3.855
-7.556
-9.591
-10.238
-9.982
-9.281
-8.533
-7.935
-7.379
-6.65
-5.694
-4.632
-3.614
-2.885
-2.958
-4.332
-6.718
-8.711
-8.703
-6.422
-3.349
-1.246
-0.253
1.2
4.315
8.025
9.764
8.391
6.007
6.198
10.243
15.443
17.662
15.501
11.563
9.546
10.564
12.718
13.888
13.992
14.127
14.248
12.845
9.177
4.952
2.884
3.661
5.087
4.632
2.373
0.804
1.836
4.62
6.675
6.716
5.822
5.839
7.254
8.949
9.7
9.356
8.544
7.707
6.823
5.805
4.731
3.596
2.219
0.676
-0.366
-0.171
1.097
2.204
1.936
0.333
-1.366
-2.044
-1.75
-1.363
-1.46
-1.884
-2.423
-3.43
-5.291
-7.401
-8.25
-6.943
-4.439
-2.758
-2.834
-3.528
-3.1
-1.464
-0.427
-1.497
-3.899
-5.265
-4.286
-2.235
-1.576
-3.321
-6.125
-7.979
-8.36
-8.407
-9.192
-10.312
-10.463
-9.206
-7.764
-7.88
-9.946
-12.444
-13.301
-11.799
-9.17
-7.413
-7.571
-9.05
-10.424
-10.746
-10.128
-9.216
-8.257
-6.774
-4.158
-0.567
2.855
4.813
4.964
4.161
3.486
3.084
2.214
0.487
-1.214
-1.482
-0.091
1.452
1.482
0.171
-0.521
0.84
3.29
4.343
2.805
0.206
-0.87
0.323
1.959
1.843
-0.046
-1.572
-0.86
1.707
4.033
4.564
3.695
2.991
3.352
4.206
4.386
3.541
2.493
2.287
3.037
3.812
3.627
2.465
1.297
1.116
2.001
3.137
3.669
3.474
3.096
3.034
3.194
3.022
2.101
0.581
-0.895
-1.63
-1.275
0.013
1.711
3.223
4.184
4.584
4.669
4.733
4.983
5.529
6.381
7.377
8.162
8.342
7.772
6.712
5.658
4.943
4.488
3.951
3.116
2.123
1.294
0.75
0.261
-0.494
-1.58
-2.775
-3.869
-4.854
-5.741
-6.295
-6.122
-5.125
-3.729
-2.545
-1.788
-1.143
-0.247
0.778
1.344
0.963
-0.211
-1.398
-1.776
-1.178
-0.326
-0.296
-1.561
-3.432
-4.558
-4.167
-2.826
-1.885
-2.149
-3.215
-4.137
-4.563
-4.957
-5.752
-6.573
-6.557
-5.36
-3.628
-2.371
-2.015
-2.184
-2.29
-2.118
-1.751
-1.178
-0.273
0.783
1.345
0.884
-0.183
-0.566
0.729
3.25
5.364
5.847
5.13
4.746
5.541
6.678
6.616
4.942
2.894
1.944
2.108
1.997
0.574
-1.406
-2.007
-0.209
2.781
4.461
3.366
0.46
-1.792
-1.75
0.005
1.507
1.527
0.731
0.687
1.891
3.06
2.515
0.121
-2.431
-3.385
-2.751
-2.174
-3.012
-4.778
-5.683
-4.586
-2.171
-0.153
0.446
0.042
-0.344
-0.278
-0.122
-0.273
-0.577
-0.606
-0.29
-0.02
-0.185
-0.814
-1.699
-2.628
-3.335
-3.406
-2.608
-1.376
-0.655
-0.935
-1.559
-1.322
0.08
1.498
1.507
0.075
-1.261
-1.015
0.673
2.267
2.514
1.618
0.714
0.53
0.82
0.972
0.765
0.394
0.045
-0.241
-0.322
0.064
0.88
1.546
1.4
0.45
-0.564
-0.986
-1.002
-1.385
-2.502
-3.795
-4.406
-4.199
-3.917
-4.276
-5.081
-5.435
-4.82
-3.738
-3.169
-3.424
-3.748
-3.135
-1.481
0.176
0.619
-0.389
-1.919
-2.779
-2.548
-1.755
-1.17
-1.042
-1.018
-0.647
0.152
1.072
1.689
1.766
1.411
1.084
1.324
2.25
3.287
3.589
2.911
2.023
2.027
3.205
4.664
5.237
4.667
3.785
3.579
4.234
5.116
5.528
5.34
4.924
4.646
4.49
4.133
3.325
2.199
1.236
0.862
1.068
1.407
1.418
1.027
0.528
0.201
0.053
-0.066
-0.189
-0.188
-0.002
0.201
0.188
-0.073
-0.39
-0.63
-0.972
-1.739
-2.957
-4.166
-4.757
-4.532
-3.826
-3.07
-2.328
-1.398
-0.279
0.673
1.217
1.703
2.814
4.716
6.613
7.358
6.569
5.033
3.955
3.851
4.211
4.202
3.596
2.947
2.889
3.359
3.575
2.858
1.443
0.381
0.537
1.661
2.577
2.335
1.129
0.002
-0.327
-0.194
-0.51
-1.716
-3.333
-4.543
-5.01
-5.065
-5.174
-5.42
-5.53
-5.276
-4.74
-4.214
-3.93
-3.936
-4.168
-4.576
-5.151
-5.858
-6.518
-6.834
-6.555
-5.702
-4.615
-3.726
-3.231
-2.992
-2.759
-2.456
-2.2
-2.075
-1.971
-1.721
-1.349
-1.072
-1.033
-1.09
-0.916
-0.309
0.633
1.595
2.229
2.289
1.736
0.863
0.237
0.354
1.172
2.046
2.248
1.65
0.853
0.621
1.166
2.011
2.503
2.425
2.138
2.175
2.783
3.79
4.819
5.566
5.905
5.836
5.417
4.757
3.989
3.206
2.428
1.658
0.964
0.447
0.098
-0.235
-0.662
-1.017
-0.954
-0.362
0.344
0.481
-0.266
-1.479
-2.34
-2.34
-1.657
-0.874
-0.407
-0.247
-0.162
-0.012
0.148
0.24
0.294
0.448
0.817
1.352
1.798
1.796
1.175
0.205
-0.488
-0.442
0.144
0.537
0.199
-0.583
-0.962
-0.436
0.599
1.313
1.34
1.044
0.879
0.751
0.228
-0.724
-1.56
-1.808
-1.711
-1.939
-2.71
-3.469
-3.576
-3.1
-2.685
-2.693
-2.802
-2.562
-2.164
-2.27
-3.087
-3.881
-3.681
-2.415
-1.101
-0.782
-1.411
-1.938
-1.489
-0.282
0.714
0.915
0.705
0.87
1.598
2.223
1.999
0.995
0.096
0.103
0.878
1.438
0.909
-0.646
-2.319
-3.227
-3.24
-2.872
-2.549
-2.151
-1.345
-0.258
0.423
0.126
-0.926
-1.865
-2.052
-1.664
-1.316
-1.241
-1.039
-0.294
0.77
1.437
1.254
0.491
-0.202
-0.478
-0.508
-0.621
-0.896
-1.151
-1.206
-1.047
-0.762
-0.456
-0.271
-0.361
-0.729
-1.088
-1.026
-0.39
0.509
1.182
1.467
1.714
2.367
3.386
4.172
4.112
3.173
1.896
0.853
0.21
-0.138
-0.162
0.405
1.678
3.288
4.56
5.067
4.948
4.67
4.534
4.472
4.257
3.823
3.344
3.04
2.954
2.945
2.869
2.763
2.818
3.137
3.521
3.58
3.137
2.519
2.31
2.722
3.261
3.174
2.273
1.211
0.824
1.228
1.702
1.48
0.559
-0.367
-0.687
-0.411
0.032
0.359
0.617
0.926
1.225
1.379
1.398
1.406
1.452
1.47
1.466
1.569
1.788
1.783
1.087
-0.322
-1.8
-2.538
-2.364
-1.898
-1.859
-2.277
-2.544
-2.241
-1.73
-1.75
-2.511
-3.392
-3.628
-3.152
-2.583
-2.431
-2.541
-2.438
-2.066
-1.921
-2.433
-3.385
-4.111
-4.213
-3.95
-3.861
-4.127
-4.386
-4.16
-3.368
-2.393
-1.681
-1.314
-1.001
-0.482
0.088
0.229
-0.351
-1.344
-2.039
-2.004
-1.512
-1.226
-1.477
-1.977
-2.255
-2.247
-2.31
-2.663
-3.042
-3.008
-2.502
-1.913
-1.595
-1.461
-1.187
-0.702
-0.334
-0.423
-0.896
-1.327
-1.363
-1.038
-0.685
-0.626
-0.925
-1.354
-1.577
-1.412
-1.015
-0.756
-0.819
-0.947
-0.681
0.07
0.808
0.917
0.354
-0.258
-0.311
0.145
0.52
0.41
0.054
-0.014
0.369
0.879
1.186
1.384
1.758
2.244
2.374
1.862
1.08
0.743
1.093
1.6
1.598
1.119
0.897
1.491
2.592
3.354
3.328
2.882
2.626
2.624
2.371
1.54
0.545
0.193
0.792
1.735
2.044
1.311
0.072
-0.722
-0.576
0.199
0.885
1.046
0.82
0.617
0.638
0.727
0.643
0.396
0.272
0.543
1.193
1.902
2.291
2.196
1.762
1.319
1.146
1.289
1.562
1.698
1.526
1.052
0.441
-0.073
-0.348
-0.457
-0.691
-1.305
-2.198
-2.889
-2.947
-2.452
-1.958
-1.896
-2.08
-1.927
-1.17
-0.219
0.277
0.153
-0.14
-0.108
0.23
0.467
0.362
0.101
-0.016
0.038
0.115
0.251
0.708
1.55
2.34
2.466
1.777
0.773
0.064
-0.229
-0.459
-0.871
-1.256
-1.229
-0.737
-0.13
0.242
0.364
0.4
0.362
0.103
-0.39
-0.865
-1.068
-1.056
-1.088
-1.188
-1.01
-0.272
0.716
1.17
0.564
-0.763
-1.84
-1.918
-1.072
0.013
0.733
0.988
1.019
0.997
0.874
0.563
0.119
-0.285
-0.5
-0.447
-0.097
0.505
1.156
1.556
1.538
1.256
1.029
0.991
0.926
0.559
-0.048
-0.472
-0.348
0.238
0.833
1.073
0.987
0.866
0.918
1.112
1.293
1.352
1.26
1.027
0.723
0.518
0.594
0.956
1.352
1.462
1.201
0.823
0.667
0.821
1.059
1.103
0.902
0.616
0.378
0.17
-0.015
-0.007
0.416
1.168
1.746
1.625
0.781
-0.231
-0.783
-0.712
-0.357
-0.154
-0.263
-0.583
-0.935
-1.155
-1.072
-0.614
0.028
0.444
0.367
-0.003
-0.15
0.236
0.928
1.409
1.416
1.147
0.939
0.831
0.561
-0.066
-0.896
-1.561
-1.829
-1.754
-1.514
-1.214
-0.888
-0.608
-0.467
-0.455
-0.426
-0.264
-0.037
0.096
0.118
0.208
0.517
0.922
1.111
0.916
0.507
0.197
0.118
0.119
-0.001
-0.289
-0.677
-1.146
-1.75
-2.472
-3.141
-3.548
-3.596
-3.337
-2.892
-2.443
-2.246
-2.529
-3.242
-3.969
-4.221
-3.879
-3.323
-3.061
-3.221
-3.455
-3.327
-2.77
-2.146
-1.878
-2.041
-2.301
-2.259
-1.839
-1.359
-1.202
-1.427
-1.711
-1.68
-1.258
-0.678
-0.204
0.052
0.078
-0.147
-0.534
-0.733
-0.313
0.777
2.001
2.619
2.35
1.602
1.01
0.829
0.835
0.731
0.507
0.357
0.386
0.483
0.467
0.264
-0.087
-0.49
-0.831
-1.004
-0.995
-0.915
-0.869
-0.78
-0.423
0.272
0.999
1.255
0.82
0.023
-0.525
-0.477
0.003
0.487
0.721
0.771
0.796
0.787
0.612
0.284
0.087
0.351
1.072
1.835
2.157
1.953
1.63
1.688
2.228
2.854
3.077
2.806
2.416
2.359
2.743
3.291
3.652
3.719
3.616
3.483
3.323
3.072
2.729
2.367
2.025
1.673
1.305
1.045
1.068
1.375
1.69
1.651
1.168
0.567
0.327
0.618
1.102
1.211
0.651
-0.346
-1.249
-1.668
-1.607
-1.323
-1.023
-0.716
-0.309
0.205
0.692
0.967
0.942
0.669
0.289
-0.077
-0.39
-0.661
-0.87
-0.916
-0.7
-0.284
0.063
0.056
-0.31
-0.699
-0.723
-0.357
0.014
-0.014
-0.443
-0.853
-0.847
-0.44
0.004
0.194
0.182
0.232
0.478
0.767
0.838
0.608
0.258
0.052
0.103
0.295
0.416
0.358
0.189
0.06
0.025
-0.025
-0.262
-0.733
-1.282
-1.648
-1.67
-1.407
-1.087
-0.926
-0.972
-1.106
-1.192
-1.217
-1.271
-1.406
-1.534
-1.502
-1.27
-0.964
-0.771
-0.775
-0.947
-1.226
-1.571
-1.908
-2.083
-1.969
-1.609
-1.223
-1.02
-0.988
-0.931
-0.705
-0.436
-0.426
-0.837
-1.459
-1.821
-1.59
-0.862
-0.093
0.293
0.247
0.049
-0.032
-0.029
-0.192
-0.646
-1.183
-1.429
-1.236
-0.857
-0.702
-0.915
-1.225
-1.234
-0.825
-0.257
0.141
0.309
0.452
0.751
1.12
1.324
1.284
1.201
1.347
1.746
2.137
2.261
2.14
2.051
2.205
2.533
2.778
2.781
2.612
2.427
2.27
2.07
1.796
1.54
1.403
1.372
1.333
1.226
1.092
0.983
0.878
