1107
1112
1147
1157
1156
1158
1183
1178
1175
1194
1199
1181
1203
1202
1230
1255
1304
1341
1366
1421
1472
1484
1480
1500
1571
1597
1651
1684
1767
1847
1947
1984
1947
1899
1850
1815
1779
1785
1386
1729
1617
1581
1534
1514
1530
1563
1524
1485
1565
1620
1623
1731
1830
1944
2096
2300
2286
2174
1360
1462
1784
1732
1782
1731
1581
1376
1471
1516
1509
1440
1355
1350
1306
1254
1179
1130
1076
1018
972
887
777
701
630
564
550
407