18.5
21.3
27
26.8
24.4
19.4
13.1
9.8
6.8
7.8
10
15.7
20.1
22.5
26.3
26.6
23
19
13.5
9
7
6.5
9.1
12.4
19
23.6
28
29.6
25.1
18.9
13.5
9.9
5.1
7
8.1
14.5
18.5
22.8
27.3
27.5
25.1
19.5
14.9
7.5
4.8
5.4
8.8
14.5
19.6
21.4
26.4
29.1
26.2
19.4
12.7
7.3
5.5
6.2
12.1
15.2
19.8
22.9
27.3
29.2
25.2
19.8
13.5
8.3
6.3
5.9
10.4
15
20.3
23.4
26.8
27.7
23.2
19.1
14.2
6.7
5.8
5.7
10.3
14.5
21.1
22.1
26.2
26.7
22.6
18.4
13.9
9.3
6.1
7.2
10.1
15.4
20.2
22.4
25.4
27.1
24.4
18.7
11.4
8.9
5.8
6.9
8.5
14.7
20
22
27.3
26.4
22.8
16.8
11.9
6.6
4.7
5.4
11.5
17
19.8
