9.2
13.4
18.6
19.6
15.4
11.5
5.5
1.8
0
1.4
1.1
5.4
12.6
15.5
20.2
17.6
17.7
12.7
5.5
1.1
-0.3
-0.4
0.9
1.4
11.4
13.4
19.9
23.6
13.9
9.3
7
2.1
-1.1
-0.8
1
4.3
12.2
12.1
18
19.3
15.9
11.2
7.2
1.5
-1
-1
2
5.1
11.9
15.2
17.4
22.9
18
11.8
4.4
0.1
-1.4
-0.5
3.2
5.3
10.5
14.7
21
20.3
15.7
12
5.9
0.5
-0.2
-0.9
1.3
6.3
11.2
17.7
20.1
19.6
16.4
11.9
6.9
-1.3
-2.2
-2.4
-0.4
2.4
11.6
13.4
17.6
17.9
16.1
10.3
3.9
1.9
-2.6
0.1
1.1
5.1
11.9
14.2
19
21.3
17.6
9.6
0.3
0
-2.3
-1.6
0
4.5
11.3
14.8
20.9
20
16
9.1
3.2
-0.2
-4
-1.8
1.7
5.5
9
