29
29.1
34.5
35.3
32.3
25.2
22.3
19.9
15.3
23.9
23.2
26.1
29.3
31.9
34.2
33.2
31.5
27.1
25.9
17.4
18
21
21.6
25.5
30.9
31.8
36.3
37.2
35.9
28.3
22.4
23.7
12.2
20.8
20.2
24.8
29.6
35.1
34.8
36.1
32.5
29.7
22.7
18.9
11.1
15.4
19.4
26
27.2
30.2
35.4
35.7
33.8
31
21.5
18.4
14.4
20.9
25.3
23.4
28.5
30.2
35.4
38.3
35.7
31.3
21.5
17.6
15.9
18.6
22.3
23.9
31.6
33.1
35.6
36.1
31.6
29.8
22.4
16.2
16.4
19.2
23.6
27.2
32.2
31.4
35.8
37.7
31.5
28.1
23.7
24.1
16.2
23
21.4
26.8
30.9
33
36.7
37.7
33
32
20.8
20.2
19.5
20.6
18.7
26.1
30.9
30.6
35
37.1
33.3
29
21.9
16
16
15.1
24.2
28.3
29
