255
225.5
48
387.5
158.5
204.5
74
70.5
142
46.5
98.5
162.5
242
226
78.5
242
53
276.5
151.5
82.5
9
115
143.5
214
114
108
70
27
428
211
94.5
145.5
3.5
151
74
96
213.5
116.5
54.5
244
235
119.5
112.5
59.5
50
94
144.5
118.5
231
185
130
25
214.5
154.5
154
69
70
30
44.5
283
56
159
115.5
99
231.5
440
26
59.5
24.5
157.5
113.5
155
135.5
311
105.5
105
155.5
384.5
98.5
62
92.5
62
94
129
88
195.5
234.5
103.5
503.5
57
139.5
82.5
85
57
103
120
137.5
174.5
81.5
414
287
96.5
139
84
26
15.5
85.5
122
49
106.5
81
141.5
209.5
531.5
47
15
48.5
20
220
109
165.5
