試行回数	ノード	ノード間距離
0	0	0.0
1	119	0.0
2	106	0.0
3	45	0.0
4	239	0.0
5	27	0.0
6	10	0.0
7	292	0.0
8	29	0.0
9	94	0.0
10	37	0.0
11	156	0.0
12	34	0.0
13	205	0.0
14	53	0.0
15	104	0.0
16	513	0.0
17	15	0.0
18	67	0.0
19	250	0.0
20	35	0.0
21	44	0.0
22	695	0.0
23	79	0.0
24	19	0.0
25	113	0.0
26	243	0.0
27	202	0.0
28	74	0.0
29	120	0.0
30	153	0.0
31	128	0.0
32	38	0.0
33	222	0.0
34	95	0.0
35	21	0.0
36	253	0.0
37	112	0.0
38	164	0.0
39	181	0.0
40	80	0.0
41	117	0.0
42	66	0.0
43	11	0.0
44	121	0.0
45	16	0.0
46	26	0.0
47	57	0.0
48	51	0.0
49	40	0.0
50	75	0.0
51	39	0.0
52	52	0.0
53	189	0.0
54	91	0.0
55	300	0.0
56	86	0.0
57	13	0.0
58	62	0.0
59	354	0.0
60	388	0.0
61	131	0.0
62	306	0.0
63	99	0.0
64	78	0.0
65	96	0.0
66	41	0.0
67	477	0.0
68	157	0.0
69	612	0.0
70	2	0.0
71	14	0.0
72	170	0.0
73	143	0.0
74	430	0.0
75	916	0.0
76	103	0.0
77	360	0.0
78	129	0.0
79	378	0.0
80	385	0.0
81	158	0.0
82	188	0.0
83	142	0.0
84	200	0.0
85	154	0.0
86	214	0.0
87	186	0.0
88	24	0.0
89	31	0.0
90	70	0.0
91	280	0.0
92	73	0.0
93	532	0.0
94	194	0.0
95	4	0.0
96	219	0.0
97	36	0.0
98	82	0.0
99	46	0.0
100	161	0.0
101	217	0.0
102	118	0.0
103	12	0.0
104	327	0.0
105	177	0.0
106	50	0.0
107	7	0.0
108	72	0.0
109	89	0.0
110	22	0.0
111	32	0.0
112	59	0.0
113	322	0.0
114	81	0.0
115	172	0.0
116	115	0.0
117	60	0.0
118	33	0.0
119	90	0.0
120	325	0.0
121	64	0.0
122	85	0.0
123	182	0.0
124	77	0.0
125	23	0.0
126	315	0.0
127	98	0.0
128	55	0.0
129	8	0.0
130	174	0.0
131	396	0.0
132	63	0.0
133	295	0.0
134	149	0.0
135	28	0.0
136	266	0.0
137	220	0.0
138	197	0.0
139	381	0.0
140	125	0.0
141	5	0.0
142	101	0.0
143	190	0.0
144	233	0.0
145	87	0.0
146	175	0.0
147	54	0.0
148	241	0.0
149	25	0.0
150	137	0.0
151	303	0.0
152	288	0.0
153	318	0.0
154	111	0.0
155	9	0.0
156	84	0.0
157	246	0.0
158	61	0.0
159	107	0.0
160	223	0.0
161	127	0.0
162	130	0.0
163	255	0.0
164	126	0.0
165	287	0.0
166	536	0.0
167	254	0.0
168	124	0.0
169	387	0.0
170	548	0.0
171	1	0.0
172	92	0.0
173	312	0.0
174	151	0.0
175	279	0.0
176	69	0.0
177	47	0.0
178	160	0.0
179	18	0.0
180	105	0.0
181	185	0.0
182	416	0.0
183	329	0.0
184	207	0.0
185	179	0.0
186	413	0.0
187	283	0.0
188	155	0.0
189	268	0.0
190	309	0.0
191	353	0.0
192	48	0.0
193	139	0.0
194	17	0.0
195	326	0.0
196	122	0.0
197	429	0.0
198	225	0.0
199	215	0.0
200	100	0.0
201	71	0.0
202	49	0.0
203	269	0.0
204	83	0.0
205	93	0.0
206	286	0.0
207	145	0.0
208	144	0.0
209	65	0.0
210	114	0.0
211	574	0.0
212	226	0.0
213	298	0.0
214	140	0.0
215	511	0.0
216	30	0.0
217	6	0.0
218	321	0.0
219	42	0.0
220	169	0.0
221	379	0.0
222	68	0.0
223	235	0.0
224	352	0.0
225	152	0.0
226	383	0.0
227	434	0.0
228	348	0.0
229	102	0.0
230	218	0.0
231	273	0.0
232	110	0.0
233	123	0.0
234	138	0.0
235	440	0.0
236	346	0.0
237	336	0.0
238	133	0.0
239	308	0.0
240	275	0.0
241	56	0.0
242	415	0.0
243	147	0.0
244	365	0.0
245	284	0.0
246	341	0.0
247	578	0.0
248	173	0.0
249	427	0.0
250	349	0.0
251	108	0.0
252	272	0.0
253	371	0.0
254	281	0.0
255	3	0.0
256	478	0.0
257	262	0.0
258	433	0.0
259	109	0.0
260	267	0.0
261	358	0.0
262	211	0.0
263	350	0.0
264	277	0.0
265	367	0.0
266	76	0.0
267	696	0.0
268	375	0.0
269	203	0.0
270	159	0.0
271	252	0.0
272	409	0.0
273	232	0.0
274	398	0.0
275	183	0.0
276	291	0.0
277	167	0.0
278	363	0.0
279	525	0.0
280	661	0.0
281	465	0.0
282	201	0.0
283	697	0.0
284	231	0.0
285	311	0.0
286	206	0.0
287	445	0.0
288	476	0.0
289	530	0.0
290	276	0.0
291	324	0.0
292	373	0.0
293	230	0.0
294	355	0.0
295	405	0.0
296	317	0.0
297	557	0.0
298	343	0.0
299	210	0.0
300	313	0.0
301	187	0.0
302	595	0.0
303	296	0.0
304	290	0.0
305	199	0.0
306	294	0.0
307	458	0.0
308	229	0.0
309	184	0.0
310	589	0.0
311	244	0.0
312	372	0.0
313	150	0.0
314	265	0.0
315	391	0.0
316	134	0.0
317	135	0.0
318	559	0.0
319	374	0.0
320	20	0.0
321	364	0.0
322	209	0.0
323	407	0.0
324	136	0.0
325	234	0.0
326	227	0.0
327	148	0.0
328	330	0.0
329	543	0.0
330	263	0.0
331	566	0.0
332	204	0.0
333	436	0.0
334	305	0.0
335	163	0.0
336	310	0.0
337	527	0.0
338	662	0.0
339	259	0.0
340	404	0.0
341	425	0.0
342	647	0.0
343	547	0.0
344	464	0.0
345	514	0.0
346	644	0.0
347	423	0.0
348	497	0.0
349	191	0.0
350	470	0.0
351	362	0.0
352	823	0.0
353	193	0.0
354	270	0.0
355	552	0.0
356	146	0.0
357	808	0.0
358	351	0.0
359	162	0.0
360	278	0.0
361	333	0.0
362	386	0.0
363	116	0.0
364	529	0.0
365	282	0.0
366	466	0.0
367	431	0.0
368	271	0.0
369	274	0.0
370	165	0.0
371	442	0.0
372	930	0.0
373	237	0.0
374	208	0.0
375	400	0.0
376	503	0.0
377	462	0.0
378	166	0.0
379	412	0.0
380	320	0.0
381	628	0.0
382	485	0.0
383	316	0.0
384	260	0.0
385	249	0.0
386	264	0.0
387	522	0.0
388	410	0.0
389	361	0.0
390	515	0.0
391	97	0.0
392	299	0.0
393	596	0.0
394	538	0.0
395	501	0.0
396	171	0.0
397	221	0.0
398	531	0.0
399	238	0.0
400	376	0.0
401	332	0.0
402	621	0.0
403	467	0.0
404	460	0.0
405	526	0.0
406	716	0.0
407	319	0.0
408	528	0.0
409	419	0.0
410	176	0.0
411	447	0.0
412	366	0.0
413	285	0.0
414	337	0.0
415	417	0.0
416	792	0.0
417	88	0.0
418	340	0.0
419	486	0.0
420	334	0.0
421	377	0.0
422	293	0.0
423	556	0.0
424	331	0.0
425	382	0.0
426	342	0.0
427	168	0.0
428	380	0.0
429	245	0.0
430	132	0.0
431	912	0.0
432	441	0.0
433	212	0.0
434	568	0.0
435	443	0.0
436	944	0.0
437	258	0.0
438	370	0.0
439	345	0.0
440	533	0.0
441	586	0.0
442	540	0.0
443	411	0.0
444	395	0.0
445	687	0.0
446	356	0.0
447	638	0.0
448	394	0.0
449	481	0.0
450	297	0.0
451	498	0.0
452	509	0.0
453	414	0.0
454	455	0.0
455	643	0.0
456	196	0.0
457	454	0.0
458	487	0.0
459	359	0.0
460	546	0.0
461	550	0.0
462	195	0.0
463	192	0.0
464	734	0.0
465	256	0.0
466	228	0.0
467	608	0.0
468	656	0.0
469	632	0.0
470	339	0.0
471	492	0.0
472	553	0.0
473	389	0.0
474	613	0.0
475	446	0.0
476	472	0.0
477	418	0.0
478	224	0.0
479	554	0.0
480	393	0.0
481	328	0.0
482	620	0.0
483	809	0.0
484	583	0.0
485	401	0.0
486	435	0.0
487	392	0.0
488	564	0.0
489	590	0.0
490	504	0.0
491	451	0.0
492	456	0.0
493	248	0.0
494	344	0.0
495	616	0.0
496	534	0.0
497	593	0.0
498	539	0.0
499	469	0.0
500	453	0.0
501	357	0.0
502	569	0.0
503	302	0.0
504	561	0.0
505	1331	0.0
506	516	0.0
507	625	0.0
508	577	0.0
509	426	0.0
510	521	0.0
511	463	0.0
512	178	0.0
513	494	0.0
514	690	0.0
515	488	0.0
516	338	0.0
517	459	0.0
518	519	0.0
519	693	0.0
520	704	0.0
521	141	0.0
522	439	0.0
523	649	0.0
524	679	0.0
525	753	0.0
526	572	0.0
527	452	0.0
528	676	0.0
529	724	0.0
530	403	0.0
531	524	0.0
532	605	0.0
533	592	0.0
534	428	0.0
535	558	0.0
536	421	0.0
537	484	0.0
538	369	0.0
539	480	0.0
540	615	0.0
541	622	0.0
542	240	0.0
543	718	0.0
544	859	0.0
545	520	0.0
546	475	0.0
547	444	0.0
548	307	0.0
549	304	0.0
550	624	0.0
551	864	0.0
552	496	0.0
553	261	0.0
554	517	0.0
555	614	0.0
556	489	0.0
557	748	0.0
558	384	0.0
559	682	0.0
560	368	0.0
561	618	0.0
562	782	0.0
563	523	0.0
564	563	0.0
565	769	0.0
566	479	0.0
567	555	0.0
568	420	0.0
569	667	0.0
570	314	0.0
571	626	0.0
572	685	0.0
573	588	0.0
574	648	0.0
575	799	0.0
576	597	0.0
577	669	0.0
578	347	0.0
579	729	0.0
580	651	0.0
581	807	0.0
582	630	0.0
583	844	0.0
584	58	0.0
585	815	0.0
586	505	0.0
587	247	0.0
588	236	0.0
589	43	0.0
590	627	0.0
591	666	0.0
592	424	0.0
593	508	0.0
594	537	0.0
595	674	0.0
596	599	0.0
597	495	0.0
598	719	0.0
599	956	0.0
600	1059	0.0
601	510	0.0
602	560	0.0
603	512	0.0
604	673	0.0
605	257	0.0
606	677	0.0
607	688	0.0
608	251	0.0
609	755	0.0
610	757	0.0
611	598	0.0
612	617	0.0
613	813	0.0
614	720	0.0
615	506	0.0
616	637	0.0
617	482	0.0
618	710	0.0
619	856	0.0
620	575	0.0
621	591	0.0
622	640	0.0
623	580	0.0
624	468	0.0
625	603	0.0
626	518	0.0
627	502	0.0
628	824	0.0
629	474	0.0
630	607	0.0
631	483	0.0
632	493	0.0
633	406	0.0
634	776	0.0
635	499	0.0
636	609	0.0
637	713	0.0
638	752	0.0
639	491	0.0
640	801	0.0
641	717	0.0
642	1511	0.0
643	582	0.0
644	886	0.0
645	602	0.0
646	490	0.0
647	733	0.0
648	670	0.0
649	629	0.0
650	694	0.0
651	878	0.0
652	636	0.0
653	562	0.0
654	457	0.0
655	619	0.0
656	1079	0.0
657	542	0.0
658	779	0.0
659	500	0.0
660	1087	0.0
661	660	0.0
662	335	0.0
663	610	0.0
664	917	0.0
665	929	0.0
666	714	0.0
667	751	0.0
668	507	0.0
669	450	0.0
670	756	0.0
671	745	0.0
672	938	0.0
673	777	0.0
674	905	0.0
675	689	0.0
676	942	0.0
677	585	0.0
678	849	0.0
679	700	0.0
680	795	0.0
681	180	0.0
682	323	0.0
683	1011	0.0
684	544	0.0
685	390	0.0
686	819	0.0
687	567	0.0
688	594	0.0
689	645	0.0
690	678	0.0
691	422	0.0
692	750	0.0
693	847	0.0
694	686	0.0
695	985	0.0
696	798	0.0
697	758	0.0
698	703	0.0
699	604	0.0
700	541	0.0
701	723	0.0
702	1018	0.0
703	907	0.0
704	872	0.0
705	786	0.0
706	545	0.0
707	790	0.0
708	301	0.0
709	709	0.0
710	448	0.0
711	825	0.0
712	762	0.0
713	565	0.0
714	579	0.0
715	767	0.0
716	438	0.0
717	885	0.0
718	830	0.0
719	846	0.0
720	948	0.0
721	828	0.0
722	806	0.0
723	783	0.0
724	881	0.0
725	642	0.0
726	683	0.0
727	845	0.0
728	461	0.0
729	820	0.0
730	791	0.0
731	760	0.0
732	898	0.0
733	818	0.0
734	768	0.0
735	655	0.0
736	581	0.0
737	650	0.0
738	549	0.0
739	974	0.0
740	728	0.0
741	742	0.0
742	707	0.0
743	665	0.0
744	731	0.0
745	1113	0.0
746	873	0.0
747	764	0.0
748	641	0.0
749	606	0.0
750	821	0.0
751	699	0.0
752	816	0.0
753	945	0.0
754	571	0.0
755	727	0.0
756	940	0.0
757	744	0.0
758	785	0.0
759	855	0.0
760	639	0.0
761	573	0.0
762	675	0.0
763	664	0.0
764	774	0.0
765	888	0.0
766	473	0.0
767	860	0.0
768	839	0.0
769	746	0.0
770	402	0.0
771	198	0.0
772	706	0.0
773	657	0.0
774	1013	0.0
775	408	0.0
776	826	0.0
777	535	0.0
778	213	0.0
779	933	0.0
780	970	0.0
781	814	0.0
782	725	0.0
783	832	0.0
784	800	0.0
785	910	0.0
786	730	0.0
787	812	0.0
788	1332	0.0
789	829	0.0
790	242	0.0
791	922	0.0
792	817	0.0
793	672	0.0
794	397	0.0
795	775	0.0
796	611	0.0
797	840	0.0
798	892	0.0
799	631	0.0
800	918	0.0
801	836	0.0
802	726	0.0
803	771	0.0
804	935	0.0
805	587	0.0
806	794	0.0
807	721	0.0
808	652	0.0
809	890	0.0
810	646	0.0
811	789	0.0
812	705	0.0
813	931	0.0
814	1201	0.0
815	851	0.0
816	793	0.0
817	701	0.0
818	1042	0.0
819	959	0.0
820	738	0.0
821	772	0.0
822	827	0.0
823	963	0.0
824	911	0.0
825	600	0.0
826	952	0.0
827	759	0.0
828	399	0.0
829	668	0.0
830	741	0.0
831	858	0.0
832	993	0.0
833	870	0.0
834	1139	0.0
835	887	0.0
836	702	0.0
837	895	0.0
838	787	0.0
839	841	0.0
840	216	0.0
841	867	0.0
842	857	0.0
843	909	0.0
844	842	0.0
845	708	0.0
846	763	0.0
847	684	0.0
848	663	0.0
849	765	0.0
850	747	0.0
851	601	0.0
852	289	0.0
853	449	0.0
854	735	0.0
855	1002	0.0
856	796	0.0
857	778	0.0
858	770	0.0
859	680	0.0
860	1060	0.0
861	551	0.0
862	822	0.0
863	1109	0.0
864	743	0.0
865	1023	0.0
866	737	0.0
867	925	0.0
868	653	0.0
869	961	0.0
870	919	0.0
871	960	0.0
872	1073	0.0
873	780	0.0
874	1006	0.0
875	831	0.0
876	882	0.0
877	712	0.0
878	965	0.0
879	1172	0.0
880	576	0.0
881	987	0.0
882	788	0.0
883	623	0.0
884	1106	0.0
885	835	0.0
886	1268	0.0
887	1165	0.0
888	1493	0.0
889	967	0.0
890	834	0.0
891	850	0.0
892	1111	0.0
893	711	0.0
894	681	0.0
895	874	0.0
896	715	0.0
897	570	0.0
898	635	0.0
899	986	0.0
900	1229	0.0
901	927	0.0
902	932	0.0
903	897	0.0
904	671	0.0
905	865	0.0
906	884	0.0
907	1038	0.0
908	633	0.0
909	1000	0.0
910	901	0.0
911	1178	0.0
912	432	0.0
913	943	0.0
914	879	0.0
915	896	0.0
916	1049	0.0
917	1152	0.0
918	1044	0.0
919	981	0.0
920	692	0.0
921	937	0.0
922	978	0.0
923	854	0.0
924	998	0.0
925	1078	0.0
926	1021	0.0
927	915	0.0
928	1036	0.0
929	761	0.0
930	979	0.0
931	1174	0.0
932	989	0.0
933	1135	0.0
934	1001	0.0
935	1063	0.0
936	843	0.0
937	982	0.0
938	1096	0.0
939	691	0.0
940	1025	0.0
941	936	0.0
942	804	0.0
943	1133	0.0
944	773	0.0
945	1064	0.0
946	866	0.0
947	698	0.0
948	766	0.0
949	957	0.0
950	1354	0.0
951	736	0.0
952	1098	0.0
953	877	0.0
954	934	0.0
955	977	0.0
956	946	0.0
957	732	0.0
958	584	0.0
959	997	0.0
960	1055	0.0
961	1035	0.0
962	968	0.0
963	1123	0.0
964	1124	0.0
965	749	0.0
966	921	0.0
967	1032	0.0
968	939	0.0
969	962	0.0
970	893	0.0
971	994	0.0
972	1033	0.0
973	739	0.0
974	900	0.0
975	999	0.0
976	980	0.0
977	954	0.0
978	810	0.0
979	853	0.0
980	924	0.0
981	1249	0.0
982	976	0.0
983	995	0.0
984	1008	0.0
985	1339	0.0
986	1130	0.0
987	1358	0.0
988	1043	0.0
989	754	0.0
990	1014	0.0
991	1458	0.0
992	1166	0.0
993	1056	0.0
994	871	0.0
995	1061	0.0
996	1100	0.0
997	658	0.0
998	958	0.0
999	894	0.0
1000	1029	0.0
1001	1237	0.0
1002	833	0.0
1003	1076	0.0
1004	1016	0.0
1005	1024	0.0
1006	1030	0.0
1007	926	0.0
1008	1188	0.0
1009	1167	0.0
1010	1019	0.0
1011	1142	0.0
1012	1264	0.0
1013	837	0.0
1014	996	0.0
1015	1184	0.0
1016	838	0.0
1017	1126	0.0
1018	1040	0.0
1019	868	0.0
1020	1004	0.0
1021	984	0.0
1022	797	0.0
1023	1244	0.0
1024	1072	0.0
1025	1071	0.0
1026	941	0.0
1027	1435	0.0
1028	863	0.0
1029	1026	0.0
1030	923	0.0
1031	862	0.0
1032	1097	0.0
1033	1131	0.0
1034	1286	0.0
1035	1012	0.0
1036	1144	0.0
1037	1084	0.0
1038	1134	0.0
1039	740	0.0
1040	1052	0.0
1041	1159	0.0
1042	1170	0.0
1043	1199	0.0
1044	1050	0.0
1045	991	0.0
1046	1304	0.0
1047	1153	0.0
1048	1034	0.0
1049	1047	0.0
1050	1039	0.0
1051	1204	0.0
1052	891	0.0
1053	1282	0.0
1054	803	0.0
1055	969	0.0
1056	990	0.0
1057	1080	0.0
1058	1118	0.0
1059	876	0.0
1060	1401	0.0
1061	1169	0.0
1062	1314	0.0
1063	875	0.0
1064	992	0.0
1065	1125	0.0
1066	1450	0.0
1067	1053	0.0
1068	802	0.0
1069	1081	0.0
1070	1068	0.0
1071	973	0.0
1072	1160	0.0
1073	1233	0.0
1074	1221	0.0
1075	1108	0.0
1076	1171	0.0
1077	869	0.0
1078	1285	0.0
1079	1037	0.0
1080	1148	0.0
1081	1093	0.0
1082	1129	0.0
1083	1176	0.0
1084	983	0.0
1085	437	0.0
1086	953	0.0
1087	1565	0.0
1088	1007	0.0
1089	913	0.0
1090	1235	0.0
1091	949	0.0
1092	1403	0.0
1093	1107	0.0
1094	883	0.0
1095	1230	0.0
1096	1058	0.0
1097	1067	0.0
1098	1200	0.0
1099	1114	0.0
1100	1110	0.0
1101	1348	0.0
1102	1070	0.0
1103	1329	0.0
1104	1140	0.0
1105	1041	0.0
1106	1117	0.0
1107	1536	0.0
1108	1473	0.0
1109	928	0.0
1110	1179	0.0
1111	1154	0.0
1112	947	0.0
1113	1186	0.0
1114	1219	0.0
1115	1322	0.0
1116	1069	0.0
1117	1158	0.0
1118	902	0.0
1119	966	0.0
1120	848	0.0
1121	1046	0.0
1122	634	0.0
1123	1323	0.0
1124	1213	0.0
1125	972	0.0
1126	1190	0.0
1127	1228	0.0
1128	1045	0.0
1129	1652	0.0
1130	1552	0.0
1131	1150	0.0
1132	1194	0.0
1133	1075	0.0
1134	1258	0.0
1135	1293	0.0
1136	1136	0.0
1137	1145	0.0
1138	1062	0.0
1139	1141	0.0
1140	1352	0.0
1141	1177	0.0
1142	908	0.0
1143	1010	0.0
1144	1225	0.0
1145	1308	0.0
1146	1271	0.0
1147	1290	0.0
1148	1189	0.0
1149	1334	0.0
1150	1121	0.0
1151	951	0.0
1152	1095	0.0
1153	1020	0.0
1154	1105	0.0
1155	1240	0.0
1156	784	0.0
1157	1048	0.0
1158	1310	0.0
1159	1355	0.0
1160	1015	0.0
1161	1366	0.0
1162	1115	0.0
1163	906	0.0
1164	950	0.0
1165	1283	0.0
1166	1280	0.0
1167	852	0.0
1168	1191	0.0
1169	1335	0.0
1170	1028	0.0
1171	1281	0.0
1172	1054	0.0
1173	1277	0.0
1174	722	0.0
1175	1192	0.0
1176	1128	0.0
1177	1082	0.0
1178	1349	0.0
1179	904	0.0
1180	1051	0.0
1181	1102	0.0
1182	1132	0.0
1183	1419	0.0
1184	1425	0.0
1185	1255	0.0
1186	1488	0.0
1187	1292	0.0
1188	1251	0.0
1189	1353	0.0
1190	988	0.0
1191	1057	0.0
1192	1350	0.0
1193	1005	0.0
1194	964	0.0
1195	1209	0.0
1196	1257	0.0
1197	1326	0.0
1198	1361	0.0
1199	1357	0.0
1200	1161	0.0
1201	1147	0.0
1202	1259	0.0
1203	654	0.0
1204	1378	0.0
1205	1500	0.0
1206	1440	0.0
1207	1478	0.0
1208	1514	0.0
1209	1311	0.0
1210	1003	0.0
1211	1452	0.0
1212	1402	0.0
1213	1085	0.0
1214	1066	0.0
1215	1405	0.0
1216	811	0.0
1217	899	0.0
1218	1091	0.0
1219	1203	0.0
1220	955	0.0
1221	1438	0.0
1222	1557	0.0
1223	1463	0.0
1224	1119	0.0
1225	1164	0.0
1226	1205	0.0
1227	1372	0.0
1228	1163	0.0
1229	1287	0.0
1230	1338	0.0
1231	1243	0.0
1232	1198	0.0
1233	1074	0.0
1234	1151	0.0
1235	1242	0.0
1236	1112	0.0
1237	659	0.0
1238	1206	0.0
1239	1173	0.0
1240	1395	0.0
1241	1504	0.0
1242	1634	0.0
1243	1090	0.0
1244	1263	0.0
1245	920	0.0
1246	1122	0.0
1247	1347	0.0
1248	1270	0.0
1249	1009	0.0
1250	1272	0.0
1251	1296	0.0
1252	1423	0.0
1253	975	0.0
1254	1260	0.0
1255	1276	0.0
1256	1384	0.0
1257	1104	0.0
1258	1278	0.0
1259	1103	0.0
1260	1546	0.0
1261	1415	0.0
1262	1245	0.0
1263	1216	0.0
1264	1336	0.0
1265	1275	0.0
1266	1432	0.0
1267	1298	0.0
1268	1253	0.0
1269	1137	0.0
1270	1236	0.0
1271	1212	0.0
1272	1101	0.0
1273	1083	0.0
1274	1149	0.0
1275	1284	0.0
1276	1247	0.0
1277	1211	0.0
1278	1660	0.0
1279	1328	0.0
1280	1416	0.0
1281	1299	0.0
1282	1196	0.0
1283	1218	0.0
1284	1155	0.0
1285	1181	0.0
1286	1305	0.0
1287	1750	0.0
1288	1661	0.0
1289	1421	0.0
1290	1099	0.0
1291	1143	0.0
1292	1457	0.0
1293	1207	0.0
1294	1333	0.0
1295	1315	0.0
1296	903	0.0
1297	971	0.0
1298	1376	0.0
1299	1411	0.0
1300	1239	0.0
1301	1417	0.0
1302	1217	0.0
1303	861	0.0
1304	1327	0.0
1305	1022	0.0
1306	1231	0.0
1307	1086	0.0
1308	1482	0.0
1309	1238	0.0
1310	1396	0.0
1311	1490	0.0
1312	1288	0.0
1313	1303	0.0
1314	1340	0.0
1315	1603	0.0
1316	1390	0.0
1317	1214	0.0
1318	1297	0.0
1319	1583	0.0
1320	1273	0.0
1321	1295	0.0
1322	1185	0.0
1323	1183	0.0
1324	1175	0.0
1325	1381	0.0
1326	1227	0.0
1327	1437	0.0
1328	1027	0.0
1329	1461	0.0
1330	1444	0.0
1331	1300	0.0
1332	1426	0.0
1333	1318	0.0
1334	1269	0.0
1335	1088	0.0
1336	1398	0.0
1337	1031	0.0
1338	1246	0.0
1339	1669	0.0
1340	1479	0.0
1341	1266	0.0
1342	1597	0.0
1343	1127	0.0
1344	1017	0.0
1345	1234	0.0
1346	1262	0.0
1347	1321	0.0
1348	1474	0.0
1349	1690	0.0
1350	1680	0.0
1351	1248	0.0
1352	1065	0.0
1353	1146	0.0
1354	1454	0.0
1355	1279	0.0
1356	1592	0.0
1357	1533	0.0
1358	1400	0.0
1359	1162	0.0
1360	1337	0.0
1361	1392	0.0
1362	1356	0.0
1363	1371	0.0
1364	1291	0.0
1365	1445	0.0
1366	1537	0.0
1367	1516	0.0
1368	1498	0.0
1369	1252	0.0
1370	1363	0.0
1371	1320	0.0
1372	1484	0.0
1373	1302	0.0
1374	1223	0.0
1375	805	0.0
1376	1306	0.0
1377	1379	0.0
1378	1527	0.0
1379	1222	0.0
1380	1646	0.0
1381	1618	0.0
1382	1430	0.0
1383	1608	0.0
1384	1640	0.0
1385	1531	0.0
1386	1156	0.0
1387	1116	0.0
1388	1220	0.0
1389	1442	0.0
1390	1884	0.0
1391	1383	0.0
1392	1466	0.0
1393	1556	0.0
1394	1325	0.0
1395	1667	0.0
1396	1316	0.0
1397	1341	0.0
1398	889	0.0
1399	1319	0.0
1400	1711	0.0
1401	1368	0.0
1402	1202	0.0
1403	1346	0.0
1404	1360	0.0
1405	1470	0.0
1406	1375	0.0
1407	1210	0.0
1408	1317	0.0
1409	1226	0.0
1410	1301	0.0
1411	1443	0.0
1412	1542	0.0
1413	1655	0.0
1414	1596	0.0
1415	1404	0.0
1416	1460	0.0
1417	1648	0.0
1418	1387	0.0
1419	1138	0.0
1420	1599	0.0
1421	1544	0.0
1422	1754	0.0
1423	1182	0.0
1424	1359	0.0
1425	1232	0.0
1426	1330	0.0
1427	1369	0.0
1428	1561	0.0
1429	1456	0.0
1430	1672	0.0
1431	1447	0.0
1432	1664	0.0
1433	1393	0.0
1434	1476	0.0
1435	1434	0.0
1436	1589	0.0
1437	1157	0.0
1438	1448	0.0
1439	1485	0.0
1440	1499	0.0
1441	1193	0.0
1442	1705	0.0
1443	1256	0.0
1444	1591	0.0
1445	1509	0.0
1446	1575	0.0
1447	1362	0.0
1448	1312	0.0
1449	1674	0.0
1450	1418	0.0
1451	1548	0.0
1452	1455	0.0
1453	1195	0.0
1454	1294	0.0
1455	1600	0.0
1456	1313	0.0
1457	1491	0.0
1458	1541	0.0
1459	1399	0.0
1460	1582	0.0
1461	1410	0.0
1462	1570	0.0
1463	1468	0.0
1464	1726	0.0
1465	1265	0.0
1466	1782	0.0
1467	1343	0.0
1468	1593	0.0
1469	1691	0.0
1470	1587	0.0
1471	1577	0.0
1472	1530	0.0
1473	1389	0.0
1474	1453	0.0
1475	1569	0.0
1476	1614	0.0
1477	1451	0.0
1478	1584	0.0
1479	1092	0.0
1480	1168	0.0
1481	1365	0.0
1482	1385	0.0
1483	1489	0.0
1484	1791	0.0
1485	1525	0.0
1486	1879	0.0
1487	1471	0.0
1488	1406	0.0
1489	1436	0.0
1490	1486	0.0
1491	1574	0.0
1492	1774	0.0
1493	1538	0.0
1494	1441	0.0
1495	1094	0.0
1496	1408	0.0
1497	1722	0.0
1498	1187	0.0
1499	1501	0.0
1500	1517	0.0
1501	1571	0.0
1502	1539	0.0
1503	1307	0.0
1504	1422	0.0
1505	1801	0.0
1506	1089	0.0
1507	1767	0.0
1508	1803	0.0
1509	1576	0.0
1510	1842	0.0
1511	1439	0.0
1512	1535	0.0
1513	1388	0.0
1514	1559	0.0
1515	1553	0.0
1516	1580	0.0
1517	1526	0.0
1518	1549	0.0
1519	1602	0.0
1520	1397	0.0
1521	1077	0.0
1522	1309	0.0
1523	1394	0.0
1524	1324	0.0
1525	1611	0.0
1526	1495	0.0
1527	1708	0.0
1528	1386	0.0
1529	1424	0.0
1530	1675	0.0
1531	1792	0.0
1532	1682	0.0
1533	1427	0.0
1534	1740	0.0
1535	1462	0.0
1536	1560	0.0
1537	1483	0.0
1538	1755	0.0
1539	1578	0.0
1540	1351	0.0
1541	1487	0.0
1542	1289	0.0
1543	1344	0.0
1544	1224	0.0
1545	1737	0.0
1546	1382	0.0
1547	1586	0.0
1548	1370	0.0
1549	1241	0.0
1550	1626	0.0
1551	1367	0.0
1552	1377	0.0
1553	1261	0.0
1554	1472	0.0
1555	1532	0.0
1556	1679	0.0
1557	1522	0.0
1558	1688	0.0
1559	1605	0.0
1560	1716	0.0
1561	1650	0.0
1562	1689	0.0
1563	1653	0.0
1564	1701	0.0
1565	1763	0.0
1566	1752	0.0
1567	1735	0.0
1568	1480	0.0
1569	1469	0.0
1570	1714	0.0
1571	1826	0.0
1572	1789	0.0
1573	1428	0.0
1574	1545	0.0
1575	1512	0.0
1576	1120	0.0
1577	471	0.0
1578	1639	0.0
1579	1707	0.0
1580	1446	0.0
1581	1414	0.0
1582	1567	0.0
1583	1558	0.0
1584	1507	0.0
1585	1696	0.0
1586	1267	0.0
1587	1671	0.0
1588	880	0.0
1589	1670	0.0
1590	1862	0.0
1591	1612	0.0
1592	1628	0.0
1593	1551	0.0
1594	1686	0.0
1595	1373	0.0
1596	1197	0.0
1597	1647	0.0
1598	1494	0.0
1599	1656	0.0
1600	1503	0.0
1601	1849	0.0
1602	1492	0.0
1603	1721	0.0
1604	1665	0.0
1605	1464	0.0
1606	1523	0.0
1607	1719	0.0
1608	1619	0.0
1609	1633	0.0
1610	1712	0.0
1611	1888	0.0
1612	1741	0.0
1613	1673	0.0
1614	1613	0.0
1615	1889	0.0
1616	1790	0.0
1617	1681	0.0
1618	1420	0.0
1619	1777	0.0
1620	1625	0.0
1621	1585	0.0
1622	1564	0.0
1623	1828	0.0
1624	1562	0.0
1625	1770	0.0
1626	1215	0.0
1627	1746	0.0
1628	1459	0.0
1629	1254	0.0
1630	1554	0.0
1631	1990	0.0
1632	1208	0.0
1633	1742	0.0
1634	1412	0.0
1635	1759	0.0
1636	1364	0.0
1637	1631	0.0
1638	1724	0.0
1639	1687	0.0
1640	1713	0.0
1641	1718	0.0
1642	1506	0.0
1643	1649	0.0
1644	1374	0.0
1645	1678	0.0
1646	1180	0.0
1647	1508	0.0
1648	1635	0.0
1649	1795	0.0
1650	1465	0.0
1651	1620	0.0
1652	1685	0.0
1653	1659	0.0
1654	1905	0.0
1655	1342	0.0
1656	1518	0.0
1657	1547	0.0
1658	781	0.0
1659	1657	0.0
1660	1753	0.0
1661	1848	0.0
1662	1477	0.0
1663	1829	0.0
1664	1594	0.0
1665	1695	0.0
1666	1697	0.0
1667	1632	0.0
1668	1800	0.0
1669	1607	0.0
1670	1725	0.0
1671	1606	0.0
1672	1760	0.0
1673	914	0.0
1674	1820	0.0
1675	1796	0.0
1676	1765	0.0
1677	1391	0.0
1678	1540	0.0
1679	2091	0.0
1680	1534	0.0
1681	1651	0.0
1682	1738	0.0
1683	1502	0.0
1684	2025	0.0
1685	1663	0.0
1686	2106	0.0
1687	1758	0.0
1688	1629	0.0
1689	1954	0.0
1690	1684	0.0
1691	1615	0.0
1692	1959	0.0
1693	1768	0.0
1694	1431	0.0
1695	1636	0.0
1696	1623	0.0
1697	1798	0.0
1698	1858	0.0
1699	1521	0.0
1700	1732	0.0
1701	1520	0.0
1702	1911	0.0
1703	1810	0.0
1704	1807	0.0
1705	1861	0.0
1706	1513	0.0
1707	1638	0.0
1708	1794	0.0
1709	1573	0.0
1710	1730	0.0
1711	1529	0.0
1712	1563	0.0
1713	1900	0.0
1714	2035	0.0
1715	1595	0.0
1716	1621	0.0
1717	1643	0.0
1718	2136	0.0
1719	1702	0.0
1720	1588	0.0
1721	1870	0.0
1722	1622	0.0
1723	1898	0.0
1724	1813	0.0
1725	2017	0.0
1726	1624	0.0
1727	1731	0.0
1728	1733	0.0
1729	1865	0.0
1730	1543	0.0
1731	1786	0.0
1732	1692	0.0
1733	1920	0.0
1734	1698	0.0
1735	1693	0.0
1736	1510	0.0
1737	1860	0.0
1738	1715	0.0
1739	1550	0.0
1740	1524	0.0
1741	1274	0.0
1742	1909	0.0
1743	1579	0.0
1744	1902	0.0
1745	1409	0.0
1746	1654	0.0
1747	1797	0.0
1748	1914	0.0
1749	1519	0.0
1750	1704	0.0
1751	1555	0.0
1752	1676	0.0
1753	1641	0.0
1754	2012	0.0
1755	2053	0.0
1756	1728	0.0
1757	1912	0.0
1758	1250	0.0
1759	1645	0.0
1760	1706	0.0
1761	1497	0.0
1762	1816	0.0
1763	1677	0.0
1764	1818	0.0
1765	1467	0.0
1766	2187	0.0
1767	1630	0.0
1768	1873	0.0
1769	1863	0.0
1770	1407	0.0
1771	1475	0.0
1772	2379	0.0
1773	2189	0.0
1774	2101	0.0
1775	1515	0.0
1776	1872	0.0
1777	1617	0.0
1778	1986	0.0
1779	1566	0.0
1780	1847	0.0
1781	1793	0.0
1782	1772	0.0
1783	1967	0.0
1784	1783	0.0
1785	1572	0.0
1786	1824	0.0
1787	1877	0.0
1788	1815	0.0
1789	1937	0.0
1790	1819	0.0
1791	1568	0.0
1792	1762	0.0
1793	1590	0.0
1794	1814	0.0
1795	1970	0.0
1796	1734	0.0
1797	1904	0.0
1798	1944	0.0
1799	1893	0.0
1800	1809	0.0
1801	1747	0.0
1802	1413	0.0
1803	1784	0.0
1804	2239	0.0
1805	1949	0.0
1806	1984	0.0
1807	1897	0.0
1808	1830	0.0
1809	1943	0.0
1810	1817	0.0
1811	1776	0.0
1812	1601	0.0
1813	1727	0.0
1814	1644	0.0
1815	1952	0.0
1816	2129	0.0
1817	1642	0.0
1818	1720	0.0
1819	1812	0.0
1820	1751	0.0
1821	1825	0.0
1822	1856	0.0
1823	1843	0.0
1824	1808	0.0
1825	1658	0.0
1826	1936	0.0
1827	1850	0.0
1828	1866	0.0
1829	1822	0.0
1830	1766	0.0
1831	1852	0.0
1832	1804	0.0
1833	2155	0.0
1834	1481	0.0
1835	1699	0.0
1836	1972	0.0
1837	1919	0.0
1838	1761	0.0
1839	1449	0.0
1840	2188	0.0
1841	2147	0.0
1842	1604	0.0
1843	1717	0.0
1844	2145	0.0
1845	1886	0.0
1846	1880	0.0
1847	1910	0.0
1848	1821	0.0
1849	1878	0.0
1850	2206	0.0
1851	1703	0.0
1852	1666	0.0
1853	1627	0.0
1854	2097	0.0
1855	1683	0.0
1856	1744	0.0
1857	1779	0.0
1858	1927	0.0
1859	1948	0.0
1860	1799	0.0
1861	1935	0.0
1862	1743	0.0
1863	1890	0.0
1864	1787	0.0
1865	1964	0.0
1866	1881	0.0
1867	1899	0.0
1868	2039	0.0
1869	1598	0.0
1870	1977	0.0
1871	1756	0.0
1872	1831	0.0
1873	1844	0.0
1874	1951	0.0
1875	1345	0.0
1876	2194	0.0
1877	1991	0.0
1878	1969	0.0
1879	1637	0.0
1880	1788	0.0
1881	2373	0.0
1882	2084	0.0
1883	2055	0.0
1884	2115	0.0
1885	1827	0.0
1886	1981	0.0
1887	2036	0.0
1888	1917	0.0
1889	1901	0.0
1890	1694	0.0
1891	2014	0.0
1892	1859	0.0
1893	1947	0.0
1894	2031	0.0
1895	1380	0.0
1896	1931	0.0
1897	1616	0.0
1898	2211	0.0
1899	1963	0.0
1900	2046	0.0
1901	1700	0.0
1902	1662	0.0
1903	1841	0.0
1904	1806	0.0
1905	1974	0.0
1906	1895	0.0
1907	1928	0.0
1908	1775	0.0
1909	2162	0.0
1910	2050	0.0
1911	1528	0.0
1912	1854	0.0
1913	2163	0.0
1914	1921	0.0
1915	1922	0.0
1916	2042	0.0
1917	1982	0.0
1918	2072	0.0
1919	2079	0.0
1920	1998	0.0
1921	1876	0.0
1922	1429	0.0
1923	2082	0.0
1924	1764	0.0
1925	1709	0.0
1926	2048	0.0
1927	1857	0.0
1928	1875	0.0
1929	2123	0.0
1930	1835	0.0
1931	2019	0.0
1932	1958	0.0
1933	2015	0.0
1934	1749	0.0
1935	1965	0.0
1936	2509	0.0
1937	2021	0.0
1938	1668	0.0
1939	1837	0.0
1940	1781	0.0
1941	1609	0.0
1942	2020	0.0
1943	1925	0.0
1944	1610	0.0
1945	1739	0.0
1946	1907	0.0
1947	2412	0.0
1948	2137	0.0
1949	1956	0.0
1950	1723	0.0
1951	2052	0.0
1952	1983	0.0
1953	1864	0.0
1954	2061	0.0
1955	1802	0.0
1956	1926	0.0
1957	2093	0.0
1958	1853	0.0
1959	2054	0.0
1960	1999	0.0
1961	1581	0.0
1962	2063	0.0
1963	2010	0.0
1964	2144	0.0
1965	1891	0.0
1966	2352	0.0
1967	1978	0.0
1968	1778	0.0
1969	2000	0.0
1970	1836	0.0
1971	1868	0.0
1972	1785	0.0
1973	2098	0.0
1974	1997	0.0
1975	2029	0.0
1976	1871	0.0
1977	2018	0.0
1978	2118	0.0
1979	1987	0.0
1980	2081	0.0
1981	1834	0.0
1982	1933	0.0
1983	1929	0.0
1984	1915	0.0
1985	1867	0.0
1986	1811	0.0
1987	2277	0.0
1988	2338	0.0
1989	1955	0.0
1990	2248	0.0
1991	2006	0.0
1992	2167	0.0
1993	1883	0.0
1994	2109	0.0
1995	2120	0.0
1996	1855	0.0
1997	1757	0.0
1998	1941	0.0
1999	2003	0.0
2000	2396	0.0
2001	1993	0.0
2002	1916	0.0
2003	1971	0.0
2004	2027	0.0
2005	1968	0.0
2006	1962	0.0
2007	1913	0.0
2008	2294	0.0
2009	2113	0.0
2010	2044	0.0
2011	2108	0.0
2012	1823	0.0
2013	2124	0.0
2014	2153	0.0
2015	1845	0.0
2016	1710	0.0
2017	1995	0.0
2018	1505	0.0
2019	1838	0.0
2020	2164	0.0
2021	1773	0.0
2022	1874	0.0
2023	2058	0.0
2024	1903	0.0
2025	1745	0.0
2026	2100	0.0
2027	2343	0.0
2028	1736	0.0
2029	1908	0.0
2030	2011	0.0
2031	2030	0.0
2032	2156	0.0
2033	2065	0.0
2034	1771	0.0
2035	2161	0.0
2036	2286	0.0
2037	1953	0.0
2038	2028	0.0
2039	2069	0.0
2040	2067	0.0
2041	1923	0.0
2042	1780	0.0
2043	2092	0.0
2044	2451	0.0
2045	2022	0.0
2046	2165	0.0
2047	2026	0.0
2048	2119	0.0
2049	1906	0.0
2050	1892	0.0
2051	1957	0.0
2052	1832	0.0
2053	1924	0.0
2054	2033	0.0
2055	2064	0.0
2056	2383	0.0
2057	1992	0.0
2058	1979	0.0
2059	2117	0.0
2060	2049	0.0
2061	2922	0.0
2062	2234	0.0
2063	1918	0.0
2064	2016	0.0
2065	2315	0.0
2066	1748	0.0
2067	2300	0.0
2068	2090	0.0
2069	1839	0.0
2070	1994	0.0
2071	2066	0.0
2072	2276	0.0
2073	2068	0.0
2074	1869	0.0
2075	2154	0.0
2076	1985	0.0
2077	2180	0.0
2078	2024	0.0
2079	2005	0.0
2080	2138	0.0
2081	1887	0.0
2082	1840	0.0
2083	2095	0.0
2084	2419	0.0
2085	2204	0.0
2086	2258	0.0
2087	2250	0.0
2088	2432	0.0
2089	1882	0.0
2090	2096	0.0
2091	2047	0.0
2092	2002	0.0
2093	1996	0.0
2094	2125	0.0
2095	2172	0.0
2096	2501	0.0
2097	2306	0.0
2098	2142	0.0
2099	2060	0.0
2100	2410	0.0
2101	2240	0.0
2102	2297	0.0
2103	2296	0.0
2104	2007	0.0
2105	2087	0.0
2106	2198	0.0
2107	2269	0.0
2108	2076	0.0
2109	2265	0.0
2110	1939	0.0
2111	2013	0.0
2112	2166	0.0
2113	1966	0.0
2114	2004	0.0
2115	2073	0.0
2116	2175	0.0
2117	2121	0.0
2118	2116	0.0
2119	2131	0.0
2120	2216	0.0
2121	2247	0.0
2122	1805	0.0
2123	1930	0.0
2124	2185	0.0
2125	2158	0.0
2126	2214	0.0
2127	2182	0.0
2128	2245	0.0
2129	2140	0.0
2130	1729	0.0
2131	1980	0.0
2132	2313	0.0
2133	2534	0.0
2134	2099	0.0
2135	2202	0.0
2136	2181	0.0
2137	2253	0.0
2138	2088	0.0
2139	2177	0.0
2140	2176	0.0
2141	2148	0.0
2142	2249	0.0
2143	1961	0.0
2144	2114	0.0
2145	2034	0.0
2146	1946	0.0
2147	2089	0.0
2148	1846	0.0
2149	2085	0.0
2150	2105	0.0
2151	2295	0.0
2152	2332	0.0
2153	2301	0.0
2154	2201	0.0
2155	2107	0.0
2156	2074	0.0
2157	2080	0.0
2158	2139	0.0
2159	2218	0.0
2160	2045	0.0
2161	2070	0.0
2162	2488	0.0
2163	2112	0.0
2164	2059	0.0
2165	2037	0.0
2166	2372	0.0
2167	1496	0.0
2168	2159	0.0
2169	2235	0.0
2170	2160	0.0
2171	2008	0.0
2172	1940	0.0
2173	2190	0.0
2174	1896	0.0
2175	2266	0.0
2176	2238	0.0
2177	1934	0.0
2178	2203	0.0
2179	2222	0.0
2180	2441	0.0
2181	2041	0.0
2182	2178	0.0
2183	2367	0.0
2184	2637	0.0
2185	1988	0.0
2186	2307	0.0
2187	2349	0.0
2188	2210	0.0
2189	2208	0.0
2190	2134	0.0
2191	2317	0.0
2192	2157	0.0
2193	2191	0.0
2194	2305	0.0
2195	2311	0.0
2196	2056	0.0
2197	2209	0.0
2198	2389	0.0
2199	2523	0.0
2200	1433	0.0
2201	2316	0.0
2202	2135	0.0
2203	2280	0.0
2204	2490	0.0
2205	2525	0.0
2206	2246	0.0
2207	2032	0.0
2208	2369	0.0
2209	1942	0.0
2210	2312	0.0
2211	2539	0.0
2212	2232	0.0
2213	2340	0.0
2214	2221	0.0
2215	2075	0.0
2216	2001	0.0
2217	2392	0.0
2218	2213	0.0
2219	2141	0.0
2220	2272	0.0
2221	2288	0.0
2222	2423	0.0
2223	2456	0.0
2224	2170	0.0
2225	2009	0.0
2226	2195	0.0
2227	2225	0.0
2228	2661	0.0
2229	1894	0.0
2230	2405	0.0
2231	2415	0.0
2232	2298	0.0
2233	1885	0.0
2234	2078	0.0
2235	2126	0.0
2236	2362	0.0
2237	2402	0.0
2238	2057	0.0
2239	2290	0.0
2240	2128	0.0
2241	2243	0.0
2242	2241	0.0
2243	2518	0.0
2244	2179	0.0
2245	2083	0.0
2246	2319	0.0
2247	2573	0.0
2248	1989	0.0
2249	2431	0.0
2250	2062	0.0
2251	1950	0.0
2252	2278	0.0
2253	2038	0.0
2254	2200	0.0
2255	1833	0.0
2256	2322	0.0
2257	2231	0.0
2258	2314	0.0
2259	2094	0.0
2260	2354	0.0
2261	2168	0.0
2262	2545	0.0
2263	2335	0.0
2264	1975	0.0
2265	2406	0.0
2266	2224	0.0
2267	2385	0.0
2268	2375	0.0
2269	2592	0.0
2270	2261	0.0
2271	2363	0.0
2272	2273	0.0
2273	1769	0.0
2274	2324	0.0
2275	2390	0.0
2276	2051	0.0
2277	2478	0.0
2278	2146	0.0
2279	2329	0.0
2280	2323	0.0
2281	2077	0.0
2282	2192	0.0
2283	2463	0.0
2284	2583	0.0
2285	2111	0.0
2286	2570	0.0
2287	2303	0.0
2288	2527	0.0
2289	2350	0.0
2290	2331	0.0
2291	2411	0.0
2292	2270	0.0
2293	2197	0.0
2294	2242	0.0
2295	2171	0.0
2296	2337	0.0
2297	2151	0.0
2298	2173	0.0
2299	2284	0.0
2300	2326	0.0
2301	2236	0.0
2302	2336	0.0
2303	2183	0.0
2304	2040	0.0
2305	2364	0.0
2306	2104	0.0
2307	2220	0.0
2308	2474	0.0
2309	2409	0.0
2310	2310	0.0
2311	2359	0.0
2312	2578	0.0
2313	1976	0.0
2314	2404	0.0
2315	2127	0.0
2316	2122	0.0
2317	2366	0.0
2318	2487	0.0
2319	2262	0.0
2320	2102	0.0
2321	1973	0.0
2322	2184	0.0
2323	2110	0.0
2324	2133	0.0
2325	2606	0.0
2326	2447	0.0
2327	2345	0.0
2328	2257	0.0
2329	2502	0.0
2330	2494	0.0
2331	2233	0.0
2332	2593	0.0
2333	2217	0.0
2334	2414	0.0
2335	1851	0.0
2336	2426	0.0
2337	2612	0.0
2338	2275	0.0
2339	2289	0.0
2340	2378	0.0
2341	2400	0.0
2342	2558	0.0
2343	2325	0.0
2344	2691	0.0
2345	2528	0.0
2346	2328	0.0
2347	2226	0.0
2348	2264	0.0
2349	2446	0.0
2350	2453	0.0
2351	2587	0.0
2352	2103	0.0
2353	2371	0.0
2354	2562	0.0
2355	2647	0.0
2356	2255	0.0
2357	2664	0.0
2358	2274	0.0
2359	2552	0.0
2360	2023	0.0
2361	2408	0.0
2362	2193	0.0
2363	1932	0.0
2364	2330	0.0
2365	2434	0.0
2366	2384	0.0
2367	2086	0.0
2368	2299	0.0
2369	2230	0.0
2370	2355	0.0
2371	2152	0.0
2372	2251	0.0
2373	2244	0.0
2374	2604	0.0
2375	2560	0.0
2376	2397	0.0
2377	2496	0.0
2378	2260	0.0
2379	2413	0.0
2380	2529	0.0
2381	1960	0.0
2382	2150	0.0
2383	2403	0.0
2384	2281	0.0
2385	2285	0.0
2386	2377	0.0
2387	2304	0.0
2388	2370	0.0
2389	2043	0.0
2390	2199	0.0
2391	2596	0.0
2392	2507	0.0
2393	2353	0.0
2394	2483	0.0
2395	2422	0.0
2396	2459	0.0
2397	2532	0.0
2398	2132	0.0
2399	2516	0.0
2400	2207	0.0
2401	2205	0.0
2402	2462	0.0
2403	2416	0.0
2404	2582	0.0
2405	2504	0.0
2406	2452	0.0
2407	2557	0.0
2408	2268	0.0
2409	2130	0.0
2410	2391	0.0
2411	2433	0.0
2412	2541	0.0
2413	2722	0.0
2414	1945	0.0
2415	2429	0.0
2416	2430	0.0
2417	2555	0.0
2418	2252	0.0
2419	2521	0.0
2420	2321	0.0
2421	2477	0.0
2422	2358	0.0
2423	2617	0.0
2424	2309	0.0
2425	2465	0.0
2426	2401	0.0
2427	2308	0.0
2428	2656	0.0
2429	2348	0.0
2430	2505	0.0
2431	2469	0.0
2432	2342	0.0
2433	2418	0.0
2434	2399	0.0
2435	2186	0.0
2436	2520	0.0
2437	2568	0.0
2438	2472	0.0
2439	2774	0.0
2440	2263	0.0
2441	2481	0.0
2442	2417	0.0
2443	2466	0.0
2444	2365	0.0
2445	2219	0.0
2446	2580	0.0
2447	1938	0.0
2448	2536	0.0
2449	2445	0.0
2450	2600	0.0
2451	2143	0.0
2452	2569	0.0
2453	2256	0.0
2454	2283	0.0
2455	2347	0.0
2456	2698	0.0
2457	2737	0.0
2458	2799	0.0
2459	2571	0.0
2460	2461	0.0
2461	2686	0.0
2462	2467	0.0
2463	2279	0.0
2464	2845	0.0
2465	2229	0.0
2466	2827	0.0
2467	2293	0.0
2468	2622	0.0
2469	2388	0.0
2470	2586	0.0
2471	2497	0.0
2472	2254	0.0
2473	2395	0.0
2474	2475	0.0
2475	2368	0.0
2476	2320	0.0
2477	2564	0.0
2478	2344	0.0
2479	3207	0.0
2480	2425	0.0
2481	2542	0.0
2482	2458	0.0
2483	2533	0.0
2484	2510	0.0
2485	2479	0.0
2486	2382	0.0
2487	2318	0.0
2488	2766	0.0
2489	2519	0.0
2490	2809	0.0
2491	2640	0.0
2492	2598	0.0
2493	2435	0.0
2494	2228	0.0
2495	2515	0.0
2496	2212	0.0
2497	2503	0.0
2498	2464	0.0
2499	2681	0.0
2500	2693	0.0
2501	2374	0.0
2502	2614	0.0
2503	2577	0.0
2504	2439	0.0
2505	2687	0.0
2506	2603	0.0
2507	2357	0.0
2508	2874	0.0
2509	2789	0.0
2510	2633	0.0
2511	2442	0.0
2512	2566	0.0
2513	2071	0.0
2514	2674	0.0
2515	2747	0.0
2516	2476	0.0
2517	2641	0.0
2518	2302	0.0
2519	2489	0.0
2520	2605	0.0
2521	2421	0.0
2522	2473	0.0
2523	2684	0.0
2524	2387	0.0
2525	2770	0.0
2526	2575	0.0
2527	2480	0.0
2528	2394	0.0
2529	2291	0.0
2530	2630	0.0
2531	2702	0.0
2532	2626	0.0
2533	2748	0.0
2534	2657	0.0
2535	2565	0.0
2536	2547	0.0
2537	2522	0.0
2538	2632	0.0
2539	2610	0.0
2540	2174	0.0
2541	2267	0.0
2542	2513	0.0
2543	2873	0.0
2544	2650	0.0
2545	2471	0.0
2546	2754	0.0
2547	2628	0.0
2548	2727	0.0
2549	2360	0.0
2550	2559	0.0
2551	2824	0.0
2552	2785	0.0
2553	2912	0.0
2554	2591	0.0
2555	2553	0.0
2556	2806	0.0
2557	2437	0.0
2558	2292	0.0
2559	2169	0.0
2560	2921	0.0
2561	3025	0.0
2562	2836	0.0
2563	2443	0.0
2564	2468	0.0
2565	2440	0.0
2566	2550	0.0
2567	2715	0.0
2568	2271	0.0
2569	2514	0.0
2570	2846	0.0
2571	2492	0.0
2572	2524	0.0
2573	2511	0.0
2574	2584	0.0
2575	2556	0.0
2576	2786	0.0
2577	2333	0.0
2578	2485	0.0
2579	2546	0.0
2580	2436	0.0
2581	2624	0.0
2582	2512	0.0
2583	2470	0.0
2584	2361	0.0
2585	2407	0.0
2586	2839	0.0
2587	2708	0.0
2588	2723	0.0
2589	2672	0.0
2590	2594	0.0
2591	2692	0.0
2592	2548	0.0
2593	3063	0.0
2594	2334	0.0
2595	2601	0.0
2596	2717	0.0
2597	2346	0.0
2598	2561	0.0
2599	2376	0.0
2600	2682	0.0
2601	2752	0.0
2602	2613	0.0
2603	2856	0.0
2604	2933	0.0
2605	2803	0.0
2606	2712	0.0
2607	3010	0.0
2608	2223	0.0
2609	2498	0.0
2610	2667	0.0
2611	2455	0.0
2612	2729	0.0
2613	2762	0.0
2614	2381	0.0
2615	2427	0.0
2616	2531	0.0
2617	2327	0.0
2618	2652	0.0
2619	2506	0.0
2620	2676	0.0
2621	2491	0.0
2622	2597	0.0
2623	2602	0.0
2624	2699	0.0
2625	2495	0.0
2626	2449	0.0
2627	2386	0.0
2628	2690	0.0
2629	2629	0.0
2630	2621	0.0
2631	2658	0.0
2632	2709	0.0
2633	2666	0.0
2634	2540	0.0
2635	2543	0.0
2636	2341	0.0
2637	2484	0.0
2638	2719	0.0
2639	2935	0.0
2640	2931	0.0
2641	2424	0.0
2642	2537	0.0
2643	2356	0.0
2644	2287	0.0
2645	2493	0.0
2646	2486	0.0
2647	2460	0.0
2648	2724	0.0
2649	2980	0.0
2650	2595	0.0
2651	2815	0.0
2652	2757	0.0
2653	2517	0.0
2654	2428	0.0
2655	2648	0.0
2656	2608	0.0
2657	2638	0.0
2658	2444	0.0
2659	2787	0.0
2660	2813	0.0
2661	2581	0.0
2662	2619	0.0
2663	2765	0.0
2664	2227	0.0
2665	2877	0.0
2666	2704	0.0
2667	2707	0.0
2668	2563	0.0
2669	2893	0.0
2670	2339	0.0
2671	2863	0.0
2672	2639	0.0
2673	2530	0.0
2674	2730	0.0
2675	2745	0.0
2676	2538	0.0
2677	2710	0.0
2678	2607	0.0
2679	2420	0.0
2680	2554	0.0
2681	2576	0.0
2682	2780	0.0
2683	2746	0.0
2684	2642	0.0
2685	3341	0.0
2686	2731	0.0
2687	2668	0.0
2688	2798	0.0
2689	2535	0.0
2690	2902	0.0
2691	2689	0.0
2692	2673	0.0
2693	2482	0.0
2694	2549	0.0
2695	2771	0.0
2696	2615	0.0
2697	2259	0.0
2698	2671	0.0
2699	2700	0.0
2700	2149	0.0
2701	2879	0.0
2702	2812	0.0
2703	2998	0.0
2704	2654	0.0
2705	2620	0.0
2706	2679	0.0
2707	2695	0.0
2708	2714	0.0
2709	2678	0.0
2710	2677	0.0
2711	2828	0.0
2712	2643	0.0
2713	2829	0.0
2714	2544	0.0
2715	2579	0.0
2716	2964	0.0
2717	2526	0.0
2718	3154	0.0
2719	2818	0.0
2720	2833	0.0
2721	2738	0.0
2722	2572	0.0
2723	2625	0.0
2724	2994	0.0
2725	2817	0.0
2726	2929	0.0
2727	2627	0.0
2728	2751	0.0
2729	2741	0.0
2730	2891	0.0
2731	2755	0.0
2732	2351	0.0
2733	2936	0.0
2734	2454	0.0
2735	2794	0.0
2736	2438	0.0
2737	2744	0.0
2738	2860	0.0
2739	2609	0.0
2740	3097	0.0
2741	2636	0.0
2742	2282	0.0
2743	2848	0.0
2744	3033	0.0
2745	3020	0.0
2746	2697	0.0
2747	3223	0.0
2748	2448	0.0
2749	2763	0.0
2750	2822	0.0
2751	2665	0.0
2752	3106	0.0
2753	2890	0.0
2754	2837	0.0
2755	2855	0.0
2756	2611	0.0
2757	2705	0.0
2758	2694	0.0
2759	3022	0.0
2760	2894	0.0
2761	2574	0.0
2762	2675	0.0
2763	2616	0.0
2764	2820	0.0
2765	2761	0.0
2766	2864	0.0
2767	2713	0.0
2768	2850	0.0
2769	2618	0.0
2770	2660	0.0
2771	2847	0.0
2772	2457	0.0
2773	3261	0.0
2774	2237	0.0
2775	2888	0.0
2776	2670	0.0
2777	2814	0.0
2778	2790	0.0
2779	3233	0.0
2780	2499	0.0
2781	2551	0.0
2782	2887	0.0
2783	2800	0.0
2784	3315	0.0
2785	3169	0.0
2786	2853	0.0
2787	2801	0.0
2788	2883	0.0
2789	2599	0.0
2790	2721	0.0
2791	2393	0.0
2792	2795	0.0
2793	2742	0.0
2794	2644	0.0
2795	2907	0.0
2796	2706	0.0
2797	2764	0.0
2798	2835	0.0
2799	3126	0.0
2800	2711	0.0
2801	2567	0.0
2802	2450	0.0
2803	2773	0.0
2804	2749	0.0
2805	2793	0.0
2806	2767	0.0
2807	2740	0.0
2808	2735	0.0
2809	2811	0.0
2810	2784	0.0
2811	2971	0.0
2812	2870	0.0
2813	2859	0.0
2814	3055	0.0
2815	2844	0.0
2816	2885	0.0
2817	2588	0.0
2818	2669	0.0
2819	2843	0.0
2820	2680	0.0
2821	2819	0.0
2822	2772	0.0
2823	2769	0.0
2824	2810	0.0
2825	2915	0.0
2826	3018	0.0
2827	2585	0.0
2828	3160	0.0
2829	2941	0.0
2830	2797	0.0
2831	2831	0.0
2832	2841	0.0
2833	2895	0.0
2834	2725	0.0
2835	3045	0.0
2836	2842	0.0
2837	2832	0.0
2838	2816	0.0
2839	2726	0.0
2840	2768	0.0
2841	3019	0.0
2842	2645	0.0
2843	2821	0.0
2844	2508	0.0
2845	3162	0.0
2846	2905	0.0
2847	2807	0.0
2848	3099	0.0
2849	2776	0.0
2850	2857	0.0
2851	2965	0.0
2852	2892	0.0
2853	2791	0.0
2854	2943	0.0
2855	2623	0.0
2856	3065	0.0
2857	2882	0.0
2858	3054	0.0
2859	2590	0.0
2860	2759	0.0
2861	3077	0.0
2862	3120	0.0
2863	3149	0.0
2864	2823	0.0
2865	2779	0.0
2866	2834	0.0
2867	2950	0.0
2868	3009	0.0
2869	3047	0.0
2870	2937	0.0
2871	2500	0.0
2872	3007	0.0
2873	3348	0.0
2874	2868	0.0
2875	2804	0.0
2876	2852	0.0
2877	2866	0.0
2878	2919	0.0
2879	2683	0.0
2880	3251	0.0
2881	2792	0.0
2882	2688	0.0
2883	2880	0.0
2884	3123	0.0
2885	2631	0.0
2886	2972	0.0
2887	2775	0.0
2888	2920	0.0
2889	2736	0.0
2890	2646	0.0
2891	3146	0.0
2892	2720	0.0
2893	2662	0.0
2894	2889	0.0
2895	3064	0.0
2896	2753	0.0
2897	3003	0.0
2898	2996	0.0
2899	2985	0.0
2900	3000	0.0
2901	2732	0.0
2902	2703	0.0
2903	3094	0.0
2904	2663	0.0
2905	2876	0.0
2906	3136	0.0
2907	2926	0.0
2908	2867	0.0
2909	2782	0.0
2910	2788	0.0
2911	3266	0.0
2912	2875	0.0
2913	3024	0.0
2914	3143	0.0
2915	3132	0.0
2916	3155	0.0
2917	2910	0.0
2918	3272	0.0
2919	3188	0.0
2920	2897	0.0
2921	2802	0.0
2922	3186	0.0
2923	2951	0.0
2924	3150	0.0
2925	3288	0.0
2926	2872	0.0
2927	2635	0.0
2928	2979	0.0
2929	2968	0.0
2930	3062	0.0
2931	3029	0.0
2932	2995	0.0
2933	2862	0.0
2934	2734	0.0
2935	2945	0.0
2936	2840	0.0
2937	3059	0.0
2938	2805	0.0
2939	2900	0.0
2940	3093	0.0
2941	2653	0.0
2942	3041	0.0
2943	2716	0.0
2944	3057	0.0
2945	2826	0.0
2946	2589	0.0
2947	2999	0.0
2948	2851	0.0
2949	3214	0.0
2950	3102	0.0
2951	2952	0.0
2952	3005	0.0
2953	2756	0.0
2954	2904	0.0
2955	2969	0.0
2956	2932	0.0
2957	2956	0.0
2958	2991	0.0
2959	2871	0.0
2960	2783	0.0
2961	2938	0.0
2962	2970	0.0
2963	2925	0.0
2964	2215	0.0
2965	2934	0.0
2966	2901	0.0
2967	3101	0.0
2968	2958	0.0
2969	2959	0.0
2970	2380	0.0
2971	2949	0.0
2972	2984	0.0
2973	2733	0.0
2974	3050	0.0
2975	2838	0.0
2976	3178	0.0
2977	3006	0.0
2978	2906	0.0
2979	2808	0.0
2980	2914	0.0
2981	2903	0.0
2982	2777	0.0
2983	2685	0.0
2984	2898	0.0
2985	3151	0.0
2986	2923	0.0
2987	2918	0.0
2988	2967	0.0
2989	2911	0.0
2990	3247	0.0
2991	2997	0.0
2992	3048	0.0
2993	2928	0.0
2994	2940	0.0
2995	3036	0.0
2996	3122	0.0
2997	3008	0.0
2998	2927	0.0
2999	3197	0.0
3000	2869	0.0
3001	2913	0.0
3002	2896	0.0
3003	3061	0.0
3004	2728	0.0
3005	2196	0.0
3006	2659	0.0
3007	3115	0.0
3008	2976	0.0
3009	2963	0.0
3010	2974	0.0
3011	2961	0.0
3012	2701	0.0
3013	3225	0.0
3014	3234	0.0
3015	2781	0.0
3016	3142	0.0
3017	3303	0.0
3018	3052	0.0
3019	2649	0.0
3020	2758	0.0
3021	3128	0.0
3022	2825	0.0
3023	3164	0.0
3024	2854	0.0
3025	2953	0.0
3026	3011	0.0
3027	2830	0.0
3028	3235	0.0
3029	2962	0.0
3030	2973	0.0
3031	3109	0.0
3032	2634	0.0
3033	3156	0.0
3034	3035	0.0
3035	3270	0.0
3036	3090	0.0
3037	3298	0.0
3038	2917	0.0
3039	3191	0.0
3040	2651	0.0
3041	3108	0.0
3042	3081	0.0
3043	3239	0.0
3044	3205	0.0
3045	3098	0.0
3046	2977	0.0
3047	2946	0.0
3048	3371	0.0
3049	2908	0.0
3050	3034	0.0
3051	2739	0.0
3052	3076	0.0
3053	2899	0.0
3054	3016	0.0
3055	3370	0.0
3056	2696	0.0
3057	2916	0.0
3058	3027	0.0
3059	3292	0.0
3060	3067	0.0
3061	2978	0.0
3062	3175	0.0
3063	2750	0.0
3064	2743	0.0
3065	2881	0.0
3066	2957	0.0
3067	2865	0.0
3068	3056	0.0
3069	3295	0.0
3070	2942	0.0
3071	3140	0.0
3072	3072	0.0
3073	2909	0.0
3074	3043	0.0
3075	3053	0.0
3076	3012	0.0
3077	2975	0.0
3078	3157	0.0
3079	2849	0.0
3080	2398	0.0
3081	3242	0.0
3082	3080	0.0
3083	3148	0.0
3084	2960	0.0
3085	3257	0.0
3086	2939	0.0
3087	3203	0.0
3088	3144	0.0
3089	3133	0.0
3090	3166	0.0
3091	3089	0.0
3092	2924	0.0
3093	2760	0.0
3094	3105	0.0
3095	3165	0.0
3096	3013	0.0
3097	3430	0.0
3098	3209	0.0
3099	2796	0.0
3100	2947	0.0
3101	3139	0.0
3102	3127	0.0
3103	2993	0.0
3104	2655	0.0
3105	3058	0.0
3106	3002	0.0
3107	3215	0.0
3108	3553	0.0
3109	3227	0.0
3110	3017	0.0
3111	3283	0.0
3112	3088	0.0
3113	3176	0.0
3114	3264	0.0
3115	3107	0.0
3116	2861	0.0
3117	3071	0.0
3118	3037	0.0
3119	3325	0.0
3120	3425	0.0
3121	3073	0.0
3122	3278	0.0
3123	3023	0.0
3124	3096	0.0
3125	3068	0.0
3126	3118	0.0
3127	2778	0.0
3128	3026	0.0
3129	3021	0.0
3130	2718	0.0
3131	3308	0.0
3132	3046	0.0
3133	3360	0.0
3134	2982	0.0
3135	2944	0.0
3136	3145	0.0
3137	2966	0.0
3138	2884	0.0
3139	3307	0.0
3140	3153	0.0
3141	3038	0.0
3142	3180	0.0
3143	3159	0.0
3144	3219	0.0
3145	3163	0.0
3146	3204	0.0
3147	3177	0.0
3148	2987	0.0
3149	3301	0.0
3150	3131	0.0
3151	2983	0.0
3152	2989	0.0
3153	2990	0.0
3154	3182	0.0
3155	3200	0.0
3156	3092	0.0
3157	2988	0.0
3158	3250	0.0
3159	3152	0.0
3160	3330	0.0
3161	3161	0.0
3162	3032	0.0
3163	3342	0.0
3164	3129	0.0
3165	3190	0.0
3166	3312	0.0
3167	3525	0.0
3168	3117	0.0
3169	3116	0.0
3170	3633	0.0
3171	3290	0.0
3172	2858	0.0
3173	3273	0.0
3174	3243	0.0
3175	3042	0.0
3176	3386	0.0
3177	3198	0.0
3178	3085	0.0
3179	3309	0.0
3180	3137	0.0
3181	3104	0.0
3182	3194	0.0
3183	3262	0.0
3184	3121	0.0
3185	3244	0.0
3186	3675	0.0
3187	3014	0.0
3188	3299	0.0
3189	2930	0.0
3190	3147	0.0
3191	3279	0.0
3192	2886	0.0
3193	3060	0.0
3194	3079	0.0
3195	3184	0.0
3196	2948	0.0
3197	3220	0.0
3198	3218	0.0
3199	3091	0.0
3200	3226	0.0
3201	3189	0.0
3202	3439	0.0
3203	3119	0.0
3204	3228	0.0
3205	3201	0.0
3206	3310	0.0
3207	3280	0.0
3208	3643	0.0
3209	3196	0.0
3210	3216	0.0
3211	3001	0.0
3212	2992	0.0
3213	3229	0.0
3214	3082	0.0
3215	3291	0.0
3216	3078	0.0
3217	3368	0.0
3218	3252	0.0
3219	3210	0.0
3220	3605	0.0
3221	3049	0.0
3222	2955	0.0
3223	3015	0.0
3224	3369	0.0
3225	3237	0.0
3226	3405	0.0
3227	3245	0.0
3228	3281	0.0
3229	3258	0.0
3230	3124	0.0
3231	3336	0.0
3232	2986	0.0
3233	3100	0.0
3234	3478	0.0
3235	3332	0.0
3236	3221	0.0
3237	3241	0.0
3238	3429	0.0
3239	3084	0.0
3240	3294	0.0
3241	3356	0.0
3242	3353	0.0
3243	3334	0.0
3244	3141	0.0
3245	3321	0.0
3246	3030	0.0
3247	3616	0.0
3248	3174	0.0
3249	3039	0.0
3250	3173	0.0
3251	3498	0.0
3252	3246	0.0
3253	3761	0.0
3254	3066	0.0
3255	3051	0.0
3256	3275	0.0
3257	3193	0.0
3258	3135	0.0
3259	3289	0.0
3260	3376	0.0
3261	3355	0.0
3262	3168	0.0
3263	3111	0.0
3264	3212	0.0
3265	3463	0.0
3266	3167	0.0
3267	3529	0.0
3268	3086	0.0
3269	3070	0.0
3270	3134	0.0
3271	3213	0.0
3272	3300	0.0
3273	3187	0.0
3274	3138	0.0
3275	3183	0.0
3276	3346	0.0
3277	3276	0.0
3278	3044	0.0
3279	3181	0.0
3280	3363	0.0
3281	2981	0.0
3282	3179	0.0
3283	3185	0.0
3284	3199	0.0
3285	3548	0.0
3286	3326	0.0
3287	3383	0.0
3288	3533	0.0
3289	3004	0.0
3290	3172	0.0
3291	3700	0.0
3292	3286	0.0
3293	3333	0.0
3294	3296	0.0
3295	3318	0.0
3296	3393	0.0
3297	2954	0.0
3298	3231	0.0
3299	3112	0.0
3300	3828	0.0
3301	3448	0.0
3302	3550	0.0
3303	3327	0.0
3304	3385	0.0
3305	3267	0.0
3306	3069	0.0
3307	3586	0.0
3308	3211	0.0
3309	3438	0.0
3310	3322	0.0
3311	3378	0.0
3312	3615	0.0
3313	3388	0.0
3314	3217	0.0
3315	2878	0.0
3316	3591	0.0
3317	3316	0.0
3318	3095	0.0
3319	3631	0.0
3320	3545	0.0
3321	3482	0.0
3322	3365	0.0
3323	3617	0.0
3324	3337	0.0
3325	3471	0.0
3326	3390	0.0
3327	3260	0.0
3328	3646	0.0
3329	3238	0.0
3330	3339	0.0
3331	3421	0.0
3332	3453	0.0
3333	3192	0.0
3334	3324	0.0
3335	3285	0.0
3336	3422	0.0
3337	3222	0.0
3338	3254	0.0
3339	3074	0.0
3340	3491	0.0
3341	3437	0.0
3342	3158	0.0
3343	3335	0.0
3344	3435	0.0
3345	3282	0.0
3346	3627	0.0
3347	3313	0.0
3348	3493	0.0
3349	3230	0.0
3350	3130	0.0
3351	3075	0.0
3352	3509	0.0
3353	3358	0.0
3354	3284	0.0
3355	3381	0.0
3356	3455	0.0
3357	3248	0.0
3358	3345	0.0
3359	3305	0.0
3360	3466	0.0
3361	3726	0.0
3362	3539	0.0
3363	3224	0.0
3364	3530	0.0
3365	3379	0.0
3366	3394	0.0
3367	3443	0.0
3368	3602	0.0
3369	3389	0.0
3370	3445	0.0
3371	3304	0.0
3372	3416	0.0
3373	3490	0.0
3374	3496	0.0
3375	3409	0.0
3376	3361	0.0
3377	3479	0.0
3378	3351	0.0
3379	3380	0.0
3380	3507	0.0
3381	3314	0.0
3382	3338	0.0
3383	3458	0.0
3384	3487	0.0
3385	3472	0.0
3386	3711	0.0
3387	3083	0.0
3388	3340	0.0
3389	3170	0.0
3390	3402	0.0
3391	3206	0.0
3392	3113	0.0
3393	3451	0.0
3394	3349	0.0
3395	3611	0.0
3396	3596	0.0
3397	3031	0.0
3398	3125	0.0
3399	3706	0.0
3400	3560	0.0
3401	3302	0.0
3402	3875	0.0
3403	3413	0.0
3404	3470	0.0
3405	3343	0.0
3406	3440	0.0
3407	3268	0.0
3408	3329	0.0
3409	3347	0.0
3410	3645	0.0
3411	3434	0.0
3412	3253	0.0
3413	3274	0.0
3414	3401	0.0
3415	3511	0.0
3416	3392	0.0
3417	3945	0.0
3418	3433	0.0
3419	3087	0.0
3420	3670	0.0
3421	3103	0.0
3422	3028	0.0
3423	3695	0.0
3424	3432	0.0
3425	3195	0.0
3426	3436	0.0
3427	3323	0.0
3428	3532	0.0
3429	3528	0.0
3430	3240	0.0
3431	3447	0.0
3432	3319	0.0
3433	3444	0.0
3434	3411	0.0
3435	3452	0.0
3436	3552	0.0
3437	3328	0.0
3438	3040	0.0
3439	3588	0.0
3440	3678	0.0
3441	3419	0.0
3442	3454	0.0
3443	3249	0.0
3444	3420	0.0
3445	3600	0.0
3446	3518	0.0
3447	3895	0.0
3448	3255	0.0
3449	3397	0.0
3450	3489	0.0
3451	3565	0.0
3452	3398	0.0
3453	3468	0.0
3454	3505	0.0
3455	3721	0.0
3456	3287	0.0
3457	3350	0.0
3458	3456	0.0
3459	3613	0.0
3460	3480	0.0
3461	3520	0.0
3462	3501	0.0
3463	3362	0.0
3464	3467	0.0
3465	3263	0.0
3466	3546	0.0
3467	3606	0.0
3468	3410	0.0
3469	3265	0.0
3470	3320	0.0
3471	3414	0.0
3472	3415	0.0
3473	3534	0.0
3474	3800	0.0
3475	3568	0.0
3476	3399	0.0
3477	3426	0.0
3478	3517	0.0
3479	3590	0.0
3480	3259	0.0
3481	3427	0.0
3482	3555	0.0
3483	3594	0.0
3484	3521	0.0
3485	3522	0.0
3486	3575	0.0
3487	3373	0.0
3488	3634	0.0
3489	3504	0.0
3490	3556	0.0
3491	3375	0.0
3492	3374	0.0
3493	3567	0.0
3494	3256	0.0
3495	3359	0.0
3496	3508	0.0
3497	3681	0.0
3498	3804	0.0
3499	3208	0.0
3500	4139	0.0
3501	3506	0.0
3502	3459	0.0
3503	3497	0.0
3504	3449	0.0
3505	3658	0.0
3506	3570	0.0
3507	3492	0.0
3508	3202	0.0
3509	3564	0.0
3510	3547	0.0
3511	3495	0.0
3512	3412	0.0
3513	4077	0.0
3514	3277	0.0
3515	3716	0.0
3516	3114	0.0
3517	3171	0.0
3518	3236	0.0
3519	3317	0.0
3520	3232	0.0
3521	3531	0.0
3522	3481	0.0
3523	3820	0.0
3524	3297	0.0
3525	3709	0.0
3526	3566	0.0
3527	3387	0.0
3528	3731	0.0
3529	3557	0.0
3530	3581	0.0
3531	3723	0.0
3532	3704	0.0
3533	3663	0.0
3534	3660	0.0
3535	3354	0.0
3536	3728	0.0
3537	3269	0.0
3538	3417	0.0
3539	3515	0.0
3540	3526	0.0
3541	3684	0.0
3542	3382	0.0
3543	3403	0.0
3544	3331	0.0
3545	4010	0.0
3546	3110	0.0
3547	3476	0.0
3548	3614	0.0
3549	3571	0.0
3550	3510	0.0
3551	3813	0.0
3552	3573	0.0
3553	3538	0.0
3554	3512	0.0
3555	3474	0.0
3556	3572	0.0
3557	3610	0.0
3558	3377	0.0
3559	3638	0.0
3560	3527	0.0
3561	3450	0.0
3562	3502	0.0
3563	3408	0.0
3564	4009	0.0
3565	3938	0.0
3566	3428	0.0
3567	3446	0.0
3568	3404	0.0
3569	3519	0.0
3570	3636	0.0
3571	3649	0.0
3572	3536	0.0
3573	3464	0.0
3574	3642	0.0
3575	3621	0.0
3576	3640	0.0
3577	3500	0.0
3578	3384	0.0
3579	3843	0.0
3580	3805	0.0
3581	3727	0.0
3582	3703	0.0
3583	4025	0.0
3584	3311	0.0
3585	3293	0.0
3586	3738	0.0
3587	3628	0.0
3588	3997	0.0
3589	3469	0.0
3590	3554	0.0
3591	3669	0.0
3592	3460	0.0
3593	3574	0.0
3594	3620	0.0
3595	3966	0.0
3596	3516	0.0
3597	3597	0.0
3598	3831	0.0
3599	3623	0.0
3600	3599	0.0
3601	3431	0.0
3602	3598	0.0
3603	3461	0.0
3604	3344	0.0
3605	3862	0.0
3606	3779	0.0
3607	3486	0.0
3608	3662	0.0
3609	3763	0.0
3610	3747	0.0
3611	3680	0.0
3612	3424	0.0
3613	3677	0.0
3614	3625	0.0
3615	3650	0.0
3616	3685	0.0
3617	3503	0.0
3618	3743	0.0
3619	3485	0.0
3620	3753	0.0
3621	3819	0.0
3622	4053	0.0
3623	3569	0.0
3624	3652	0.0
3625	3607	0.0
3626	3494	0.0
3627	3391	0.0
3628	3407	0.0
3629	3783	0.0
3630	3395	0.0
3631	4011	0.0
3632	3691	0.0
3633	3400	0.0
3634	3592	0.0
3635	3441	0.0
3636	3737	0.0
3637	3692	0.0
3638	3418	0.0
3639	3475	0.0
3640	3690	0.0
3641	3624	0.0
3642	3876	0.0
3643	3483	0.0
3644	3740	0.0
3645	3367	0.0
3646	3612	0.0
3647	3514	0.0
3648	3655	0.0
3649	3814	0.0
3650	3582	0.0
3651	3941	0.0
3652	3710	0.0
3653	3891	0.0
3654	3902	0.0
3655	3665	0.0
3656	3542	0.0
3657	3543	0.0
3658	3911	0.0
3659	3921	0.0
3660	3549	0.0
3661	3442	0.0
3662	3729	0.0
3663	3786	0.0
3664	3718	0.0
3665	3563	0.0
3666	3535	0.0
3667	4080	0.0
3668	3580	0.0
3669	3587	0.0
3670	3952	0.0
3671	3777	0.0
3672	3724	0.0
3673	3659	0.0
3674	3396	0.0
3675	3559	0.0
3676	4372	0.0
3677	3632	0.0
3678	3357	0.0
3679	3778	0.0
3680	3860	0.0
3681	3630	0.0
3682	3406	0.0
3683	3551	0.0
3684	3524	0.0
3685	3822	0.0
3686	3661	0.0
3687	3544	0.0
3688	3842	0.0
3689	3739	0.0
3690	3806	0.0
3691	3352	0.0
3692	3735	0.0
3693	3609	0.0
3694	3720	0.0
3695	3845	0.0
3696	3750	0.0
3697	3635	0.0
3698	3629	0.0
3699	3933	0.0
3700	3366	0.0
3701	3790	0.0
3702	3867	0.0
3703	3595	0.0
3704	3584	0.0
3705	3583	0.0
3706	3657	0.0
3707	3767	0.0
3708	3499	0.0
3709	3762	0.0
3710	3788	0.0
3711	3641	0.0
3712	3608	0.0
3713	3694	0.0
3714	3835	0.0
3715	3364	0.0
3716	3853	0.0
3717	3776	0.0
3718	4108	0.0
3719	3799	0.0
3720	3906	0.0
3721	3996	0.0
3722	3772	0.0
3723	3834	0.0
3724	3981	0.0
3725	3824	0.0
3726	3708	0.0
3727	3372	0.0
3728	3644	0.0
3729	3880	0.0
3730	3686	0.0
3731	4003	0.0
3732	3760	0.0
3733	3639	0.0
3734	3734	0.0
3735	3672	0.0
3736	3855	0.0
3737	3818	0.0
3738	3693	0.0
3739	3477	0.0
3740	3423	0.0
3741	3722	0.0
3742	4061	0.0
3743	3702	0.0
3744	3809	0.0
3745	3673	0.0
3746	3872	0.0
3747	3687	0.0
3748	3962	0.0
3749	3846	0.0
3750	3787	0.0
3751	3601	0.0
3752	3558	0.0
3753	3577	0.0
3754	3457	0.0
3755	3484	0.0
3756	3626	0.0
3757	3871	0.0
3758	3513	0.0
3759	3827	0.0
3760	3579	0.0
3761	3983	0.0
3762	3752	0.0
3763	3837	0.0
3764	4047	0.0
3765	4143	0.0
3766	3751	0.0
3767	3882	0.0
3768	3619	0.0
3769	3730	0.0
3770	3929	0.0
3771	4240	0.0
3772	3847	0.0
3773	3784	0.0
3774	3561	0.0
3775	3746	0.0
3776	3922	0.0
3777	3878	0.0
3778	3713	0.0
3779	4008	0.0
3780	3892	0.0
3781	3473	0.0
3782	3757	0.0
3783	3654	0.0
3784	3916	0.0
3785	3923	0.0
3786	3697	0.0
3787	3936	0.0
3788	3603	0.0
3789	3792	0.0
3790	3668	0.0
3791	4129	0.0
3792	3679	0.0
3793	3741	0.0
3794	3798	0.0
3795	3674	0.0
3796	3991	0.0
3797	3651	0.0
3798	3833	0.0
3799	3488	0.0
3800	3765	0.0
3801	3802	0.0
3802	3797	0.0
3803	3839	0.0
3804	3648	0.0
3805	3881	0.0
3806	3912	0.0
3807	3859	0.0
3808	3578	0.0
3809	3689	0.0
3810	3666	0.0
3811	3622	0.0
3812	4112	0.0
3813	3676	0.0
3814	3653	0.0
3815	3637	0.0
3816	3688	0.0
3817	3541	0.0
3818	3647	0.0
3819	4002	0.0
3820	3899	0.0
3821	3848	0.0
3822	3714	0.0
3823	3973	0.0
3824	3667	0.0
3825	3696	0.0
3826	3306	0.0
3827	3907	0.0
3828	3755	0.0
3829	3748	0.0
3830	4076	0.0
3831	3789	0.0
3832	3885	0.0
3833	4154	0.0
3834	3972	0.0
3835	3886	0.0
3836	3717	0.0
3837	3585	0.0
3838	4014	0.0
3839	3890	0.0
3840	3465	0.0
3841	3758	0.0
3842	3764	0.0
3843	3823	0.0
3844	3869	0.0
3845	3858	0.0
3846	3873	0.0
3847	3682	0.0
3848	4098	0.0
3849	3826	0.0
3850	4229	0.0
3851	4013	0.0
3852	3898	0.0
3853	3715	0.0
3854	3849	0.0
3855	3742	0.0
3856	3562	0.0
3857	3913	0.0
3858	3884	0.0
3859	3909	0.0
3860	3920	0.0
3861	3900	0.0
3862	4022	0.0
3863	4244	0.0
3864	3865	0.0
3865	3749	0.0
3866	3701	0.0
3867	3927	0.0
3868	3852	0.0
3869	3707	0.0
3870	3844	0.0
3871	3970	0.0
3872	3736	0.0
3873	3537	0.0
3874	3712	0.0
3875	4122	0.0
3876	3992	0.0
3877	3807	0.0
3878	3781	0.0
3879	4091	0.0
3880	4001	0.0
3881	4269	0.0
3882	3780	0.0
3883	3523	0.0
3884	3791	0.0
3885	3851	0.0
3886	3918	0.0
3887	3903	0.0
3888	3664	0.0
3889	4206	0.0
3890	3836	0.0
3891	3947	0.0
3892	3766	0.0
3893	3705	0.0
3894	3785	0.0
3895	3811	0.0
3896	4049	0.0
3897	4019	0.0
3898	3756	0.0
3899	3793	0.0
3900	3604	0.0
3901	3841	0.0
3902	3759	0.0
3903	3982	0.0
3904	3861	0.0
3905	3576	0.0
3906	3917	0.0
3907	3887	0.0
3908	3796	0.0
3909	3719	0.0
3910	3857	0.0
3911	3656	0.0
3912	3821	0.0
3913	4115	0.0
3914	3961	0.0
3915	4040	0.0
3916	3932	0.0
3917	3733	0.0
3918	3271	0.0
3919	3589	0.0
3920	3854	0.0
3921	3462	0.0
3922	3698	0.0
3923	3775	0.0
3924	3965	0.0
3925	4068	0.0
3926	3863	0.0
3927	3877	0.0
3928	4079	0.0
3929	4058	0.0
3930	3954	0.0
3931	3934	0.0
3932	3893	0.0
3933	3850	0.0
3934	3994	0.0
3935	3955	0.0
3936	3874	0.0
3937	4209	0.0
3938	4089	0.0
3939	3963	0.0
3940	3914	0.0
3941	4004	0.0
3942	3864	0.0
3943	3812	0.0
3944	4060	0.0
3945	4137	0.0
3946	3883	0.0
3947	4020	0.0
3948	3956	0.0
3949	3896	0.0
3950	3770	0.0
3951	3926	0.0
3952	3773	0.0
3953	3986	0.0
3954	3593	0.0
3955	4106	0.0
3956	3908	0.0
3957	3971	0.0
3958	4000	0.0
3959	4086	0.0
3960	3683	0.0
3961	3817	0.0
3962	3868	0.0
3963	4082	0.0
3964	3774	0.0
3965	3725	0.0
3966	4018	0.0
3967	3930	0.0
3968	4043	0.0
3969	4027	0.0
3970	3993	0.0
3971	4064	0.0
3972	4050	0.0
3973	4120	0.0
3974	4167	0.0
3975	3904	0.0
3976	4095	0.0
3977	3870	0.0
3978	4188	0.0
3979	3969	0.0
3980	3815	0.0
3981	4255	0.0
3982	4191	0.0
3983	3925	0.0
3984	4055	0.0
3985	3888	0.0
3986	4073	0.0
3987	4100	0.0
3988	3894	0.0
3989	4415	0.0
3990	3988	0.0
3991	3801	0.0
3992	3795	0.0
3993	3935	0.0
3994	4186	0.0
3995	4291	0.0
3996	3830	0.0
3997	4007	0.0
3998	3897	0.0
3999	3950	0.0
4000	4164	0.0
4001	4121	0.0
4002	3958	0.0
4003	3999	0.0
4004	4111	0.0
4005	4233	0.0
4006	4046	0.0
4007	3745	0.0
4008	3937	0.0
4009	3944	0.0
4010	3732	0.0
4011	4195	0.0
4012	4268	0.0
4013	4216	0.0
4014	4024	0.0
4015	4107	0.0
4016	4090	0.0
4017	4044	0.0
4018	3984	0.0
4019	3948	0.0
4020	4104	0.0
4021	3977	0.0
4022	3771	0.0
4023	4062	0.0
4024	4132	0.0
4025	3946	0.0
4026	3990	0.0
4027	4306	0.0
4028	4161	0.0
4029	4405	0.0
4030	4038	0.0
4031	4084	0.0
4032	4071	0.0
4033	3919	0.0
4034	4012	0.0
4035	4097	0.0
4036	4337	0.0
4037	3924	0.0
4038	4223	0.0
4039	4093	0.0
4040	4522	0.0
4041	4266	0.0
4042	4287	0.0
4043	4036	0.0
4044	4081	0.0
4045	4365	0.0
4046	4030	0.0
4047	3964	0.0
4048	4267	0.0
4049	3889	0.0
4050	4117	0.0
4051	4294	0.0
4052	4157	0.0
4053	4070	0.0
4054	4163	0.0
4055	3744	0.0
4056	4176	0.0
4057	4083	0.0
4058	4054	0.0
4059	4190	0.0
4060	4336	0.0
4061	3987	0.0
4062	3968	0.0
4063	4146	0.0
4064	4246	0.0
4065	3671	0.0
4066	3995	0.0
4067	4478	0.0
4068	3840	0.0
4069	3976	0.0
4070	3939	0.0
4071	4109	0.0
4072	3879	0.0
4073	4145	0.0
4074	4124	0.0
4075	4078	0.0
4076	3910	0.0
4077	4540	0.0
4078	4085	0.0
4079	4238	0.0
4080	3866	0.0
4081	4144	0.0
4082	4265	0.0
4083	4315	0.0
4084	3931	0.0
4085	3768	0.0
4086	4320	0.0
4087	4045	0.0
4088	4005	0.0
4089	4136	0.0
4090	4222	0.0
4091	4249	0.0
4092	4028	0.0
4093	3949	0.0
4094	4155	0.0
4095	4301	0.0
4096	4239	0.0
4097	4224	0.0
4098	3915	0.0
4099	3940	0.0
4100	4140	0.0
4101	4201	0.0
4102	3832	0.0
4103	3803	0.0
4104	4087	0.0
4105	3856	0.0
4106	4123	0.0
4107	3829	0.0
4108	4130	0.0
4109	3928	0.0
4110	4197	0.0
4111	3754	0.0
4112	4181	0.0
4113	4149	0.0
4114	4253	0.0
4115	3794	0.0
4116	3951	0.0
4117	4051	0.0
4118	4151	0.0
4119	4074	0.0
4120	3967	0.0
4121	4094	0.0
4122	4169	0.0
4123	4138	0.0
4124	4453	0.0
4125	3975	0.0
4126	4017	0.0
4127	3985	0.0
4128	4593	0.0
4129	4134	0.0
4130	4228	0.0
4131	4052	0.0
4132	4133	0.0
4133	4185	0.0
4134	3953	0.0
4135	4110	0.0
4136	4131	0.0
4137	3816	0.0
4138	4347	0.0
4139	4317	0.0
4140	3978	0.0
4141	4159	0.0
4142	4172	0.0
4143	4314	0.0
4144	4304	0.0
4145	4296	0.0
4146	4236	0.0
4147	3618	0.0
4148	4006	0.0
4149	4245	0.0
4150	4231	0.0
4151	4069	0.0
4152	4096	0.0
4153	4126	0.0
4154	3957	0.0
4155	4669	0.0
4156	4042	0.0
4157	4029	0.0
4158	4026	0.0
4159	4204	0.0
4160	4021	0.0
4161	3825	0.0
4162	4319	0.0
4163	4023	0.0
4164	4170	0.0
4165	4072	0.0
4166	4393	0.0
4167	4032	0.0
4168	4179	0.0
4169	3905	0.0
4170	3979	0.0
4171	4210	0.0
4172	3782	0.0
4173	4293	0.0
4174	4604	0.0
4175	3838	0.0
4176	4214	0.0
4177	4364	0.0
4178	4278	0.0
4179	4142	0.0
4180	4275	0.0
4181	4343	0.0
4182	4260	0.0
4183	4034	0.0
4184	4031	0.0
4185	4237	0.0
4186	3810	0.0
4187	4212	0.0
4188	4196	0.0
4189	4297	0.0
4190	4178	0.0
4191	4235	0.0
4192	4056	0.0
4193	4472	0.0
4194	4202	0.0
4195	4361	0.0
4196	3980	0.0
4197	4286	0.0
4198	3943	0.0
4199	4325	0.0
4200	4092	0.0
4201	4059	0.0
4202	4037	0.0
4203	4454	0.0
4204	4065	0.0
4205	4116	0.0
4206	4476	0.0
4207	4168	0.0
4208	4175	0.0
4209	4207	0.0
4210	4257	0.0
4211	4254	0.0
4212	4513	0.0
4213	4351	0.0
4214	4256	0.0
4215	4313	0.0
4216	4135	0.0
4217	4066	0.0
4218	4041	0.0
4219	4614	0.0
4220	4258	0.0
4221	4118	0.0
4222	4194	0.0
4223	4348	0.0
4224	4119	0.0
4225	3960	0.0
4226	4409	0.0
4227	4187	0.0
4228	4312	0.0
4229	4274	0.0
4230	4435	0.0
4231	3808	0.0
4232	4565	0.0
4233	4162	0.0
4234	4152	0.0
4235	4366	0.0
4236	4166	0.0
4237	4213	0.0
4238	4690	0.0
4239	4322	0.0
4240	4192	0.0
4241	4015	0.0
4242	4160	0.0
4243	4033	0.0
4244	4088	0.0
4245	4333	0.0
4246	4200	0.0
4247	4299	0.0
4248	3769	0.0
4249	4360	0.0
4250	4156	0.0
4251	4242	0.0
4252	4113	0.0
4253	3901	0.0
4254	4480	0.0
4255	4561	0.0
4256	4198	0.0
4257	4273	0.0
4258	4243	0.0
4259	4363	0.0
4260	4303	0.0
4261	3942	0.0
4262	4330	0.0
4263	4362	0.0
4264	4226	0.0
4265	4182	0.0
4266	4321	0.0
4267	4305	0.0
4268	3540	0.0
4269	4288	0.0
4270	4141	0.0
4271	4279	0.0
4272	4529	0.0
4273	4165	0.0
4274	4425	0.0
4275	4225	0.0
4276	4148	0.0
4277	4203	0.0
4278	3974	0.0
4279	4205	0.0
4280	4326	0.0
4281	4469	0.0
4282	3989	0.0
4283	4323	0.0
4284	4016	0.0
4285	4556	0.0
4286	4452	0.0
4287	4183	0.0
4288	4177	0.0
4289	4451	0.0
4290	4539	0.0
4291	4394	0.0
4292	4378	0.0
4293	4445	0.0
4294	4128	0.0
4295	4105	0.0
4296	4252	0.0
4297	4421	0.0
4298	4508	0.0
4299	4158	0.0
4300	4302	0.0
4301	4389	0.0
4302	4527	0.0
4303	4063	0.0
4304	4250	0.0
4305	4756	0.0
4306	4383	0.0
4307	4430	0.0
4308	4276	0.0
4309	4307	0.0
4310	4251	0.0
4311	4101	0.0
4312	4342	0.0
4313	4099	0.0
4314	4359	0.0
4315	4629	0.0
4316	4447	0.0
4317	4444	0.0
4318	4357	0.0
4319	4813	0.0
4320	4441	0.0
4321	4406	0.0
4322	4407	0.0
4323	4289	0.0
4324	4398	0.0
4325	4475	0.0
4326	4380	0.0
4327	4218	0.0
4328	4067	0.0
4329	4171	0.0
4330	4102	0.0
4331	4327	0.0
4332	4150	0.0
4333	4382	0.0
4334	4643	0.0
4335	4376	0.0
4336	4332	0.0
4337	4295	0.0
4338	4575	0.0
4339	4057	0.0
4340	4219	0.0
4341	4075	0.0
4342	4270	0.0
4343	4147	0.0
4344	4334	0.0
4345	4199	0.0
4346	4282	0.0
4347	4277	0.0
4348	4371	0.0
4349	4290	0.0
4350	4502	0.0
4351	4035	0.0
4352	4516	0.0
4353	4180	0.0
4354	4184	0.0
4355	4404	0.0
4356	4374	0.0
4357	4232	0.0
4358	4271	0.0
4359	4125	0.0
4360	4153	0.0
4361	4605	0.0
4362	4285	0.0
4363	4356	0.0
4364	4221	0.0
4365	4335	0.0
4366	4341	0.0
4367	4699	0.0
4368	4499	0.0
4369	4442	0.0
4370	4494	0.0
4371	4346	0.0
4372	4329	0.0
4373	4399	0.0
4374	4562	0.0
4375	4316	0.0
4376	4489	0.0
4377	4114	0.0
4378	3998	0.0
4379	4470	0.0
4380	4468	0.0
4381	4377	0.0
4382	4127	0.0
4383	4247	0.0
4384	4262	0.0
4385	4496	0.0
4386	4309	0.0
4387	4173	0.0
4388	4385	0.0
4389	4350	0.0
4390	4368	0.0
4391	4103	0.0
4392	4418	0.0
4393	4234	0.0
4394	4448	0.0
4395	3699	0.0
4396	4039	0.0
4397	4310	0.0
4398	4537	0.0
4399	4390	0.0
4400	4531	0.0
4401	4829	0.0
4402	4443	0.0
4403	4259	0.0
4404	4670	0.0
4405	4264	0.0
4406	4395	0.0
4407	4227	0.0
4408	4174	0.0
4409	4281	0.0
4410	4373	0.0
4411	4403	0.0
4412	4370	0.0
4413	4272	0.0
4414	4594	0.0
4415	4482	0.0
4416	4280	0.0
4417	4426	0.0
4418	4471	0.0
4419	4615	0.0
4420	4344	0.0
4421	4211	0.0
4422	4308	0.0
4423	4509	0.0
4424	4369	0.0
4425	4433	0.0
4426	4491	0.0
4427	4328	0.0
4428	4193	0.0
4429	4550	0.0
4430	4504	0.0
4431	4428	0.0
4432	4446	0.0
4433	4639	0.0
4434	4331	0.0
4435	4600	0.0
4436	4500	0.0
4437	4263	0.0
4438	4514	0.0
4439	4318	0.0
4440	4408	0.0
4441	3959	0.0
4442	4410	0.0
4443	4284	0.0
4444	4495	0.0
4445	4501	0.0
4446	4412	0.0
4447	4462	0.0
4448	4379	0.0
4449	4358	0.0
4450	4367	0.0
4451	4610	0.0
4452	4569	0.0
4453	4411	0.0
4454	4523	0.0
4455	4449	0.0
4456	4646	0.0
4457	4743	0.0
4458	4687	0.0
4459	4220	0.0
4460	4725	0.0
4461	4439	0.0
4462	4635	0.0
4463	4381	0.0
4464	4515	0.0
4465	4786	0.0
4466	4354	0.0
4467	4386	0.0
4468	4463	0.0
4469	4230	0.0
4470	4532	0.0
4471	4536	0.0
4472	4048	0.0
4473	4517	0.0
4474	4538	0.0
4475	4248	0.0
4476	4711	0.0
4477	4621	0.0
4478	4434	0.0
4479	4424	0.0
4480	4414	0.0
4481	4477	0.0
4482	4464	0.0
4483	4548	0.0
4484	4598	1.0
4485	4436	0.0
4486	4387	0.0
4487	4750	0.0
4488	4694	0.0
4489	4422	0.0
4490	4215	0.0
4491	4552	0.0
4492	4848	0.0
4493	4208	0.0
4494	4498	0.0
4495	4618	0.0
4496	4392	0.0
4497	4658	0.0
4498	4572	0.0
4499	4459	0.0
4500	4633	0.0
4501	4541	0.0
4502	4420	0.0
4503	4560	0.0
4504	4338	0.0
4505	4467	0.0
4506	4486	0.0
4507	4506	0.0
4508	4391	0.0
4509	4584	0.0
4510	4611	0.0
4511	4579	0.0
4512	4631	0.0
4513	4355	0.0
4514	4667	0.0
4515	4324	0.0
4516	4416	0.0
4517	4693	0.0
4518	4654	0.0
4519	4450	0.0
4520	4353	0.0
4521	4557	0.0
4522	4456	0.0
4523	4519	0.0
4524	4397	0.0
4525	4466	0.0
4526	4587	0.0
4527	4429	0.0
4528	4619	0.0
4529	4474	0.0
4530	4623	0.0
4531	4675	0.0
4532	4457	0.0
4533	4413	0.0
4534	4588	0.0
4535	4497	0.0
4536	4349	0.0
4537	4630	0.0
4538	4492	0.0
4539	4535	0.0
4540	4217	0.0
4541	4708	0.0
4542	4241	0.0
4543	4427	0.0
4544	4613	0.0
4545	4431	0.0
4546	4493	0.0
4547	4795	0.0
4548	4460	0.0
4549	4859	0.0
4550	4589	0.0
4551	4388	0.0
4552	4261	0.0
4553	4709	0.0
4554	4483	0.0
4555	4678	0.0
4556	4507	0.0
4557	4292	0.0
4558	4612	0.0
4559	4624	0.0
4560	4926	0.0
4561	4553	0.0
4562	4606	0.0
4563	4739	0.0
4564	4912	0.0
4565	4571	0.0
4566	4884	0.0
4567	4683	0.0
4568	4543	0.0
4569	4763	0.0
4570	4716	0.0
4571	4298	0.0
4572	4432	0.0
4573	4642	0.0
4574	4437	0.0
4575	4617	0.0
4576	4652	0.0
4577	4781	0.0
4578	4744	0.0
4579	4627	0.0
4580	4547	0.0
4581	4578	0.0
4582	4665	0.0
4583	4679	0.0
4584	4722	0.0
4585	4689	0.0
4586	4762	0.0
4587	4440	0.0
4588	4487	0.0
4589	4626	0.0
4590	4648	0.0
4591	4758	0.0
4592	4580	0.0
4593	4484	0.0
4594	4634	0.0
4595	4485	0.0
4596	4760	0.0
4597	4521	0.0
4598	4503	0.0
4599	4931	0.0
4600	4510	0.0
4601	4754	0.0
4602	4544	0.0
4603	4684	0.0
4604	4664	0.0
4605	4438	0.0
4606	4751	0.0
4607	4644	0.0
4608	4970	0.0
4609	4465	0.0
4610	4657	0.0
4611	4423	0.0
4612	4534	0.0
4613	4785	0.0
4614	4591	0.0
4615	4554	0.0
4616	4400	0.0
4617	4551	0.0
4618	4384	0.0
4619	4705	0.0
4620	4886	0.0
4621	4518	0.0
4622	4530	0.0
4623	4300	0.0
4624	4417	0.0
4625	4656	0.0
4626	4662	0.0
4627	4564	0.0
4628	4567	0.0
4629	4698	0.0
4630	4340	0.0
4631	4585	0.0
4632	4651	0.0
4633	4916	0.0
4634	4844	0.0
4635	4596	0.0
4636	4339	0.0
4637	4542	0.0
4638	4984	0.0
4639	4555	0.0
4640	4660	0.0
4641	4568	0.0
4642	4582	0.0
4643	4563	0.0
4644	4704	0.0
4645	4717	0.0
4646	4672	0.0
4647	4746	0.0
4648	4641	1.0
4649	4577	0.0
4650	4590	0.0
4651	4768	0.0
4652	4490	0.0
4653	4740	0.0
4654	4674	0.0
4655	4668	0.0
4656	4640	0.0
4657	4609	0.0
4658	4892	0.0
4659	4767	1.0
4660	4488	0.0
4661	4896	0.0
4662	4520	0.0
4663	4573	0.0
4664	4608	0.0
4665	4936	0.0
4666	4734	0.0
4667	4396	0.0
4668	4592	0.0
4669	4850	0.0
4670	4549	0.0
4671	4597	0.0
4672	4794	0.0
4673	4632	0.0
4674	4702	0.0
4675	4636	0.0
4676	4748	0.0
4677	4749	0.0
4678	4620	0.0
4679	4729	0.0
4680	4907	1.0
4681	4688	0.0
4682	4790	1.0
4683	4512	0.0
4684	4793	0.0
4685	4595	0.0
4686	4352	0.0
4687	4868	0.0
4688	4566	0.0
4689	4769	0.0
4690	4599	0.0
4691	4682	0.0
4692	4810	0.0
4693	4964	0.0
4694	4822	0.0
4695	4976	0.0
4696	4724	0.0
4697	4189	0.0
4698	4685	0.0
4699	4479	0.0
4700	4558	0.0
4701	4533	0.0
4702	4779	0.0
4703	4659	0.0
4704	4419	0.0
4705	4696	0.0
4706	4843	0.0
4707	4576	1.0
4708	4901	0.0
4709	4809	0.0
4710	4455	0.0
4711	4681	0.0
4712	4714	0.0
4713	4402	0.0
4714	4819	0.0
4715	4753	0.0
4716	4839	0.0
4717	4765	0.0
4718	4647	0.0
4719	4528	0.0
4720	4666	0.0
4721	4893	0.0
4722	4701	0.0
4723	4876	0.0
4724	4505	0.0
4725	4783	0.0
4726	4939	0.0
4727	4677	0.0
4728	4570	1.0
4729	4867	0.0
4730	4603	0.0
4731	4796	0.0
4732	4761	0.0
4733	4461	0.0
4734	4601	0.0
4735	4812	1.0
4736	4707	1.0
4737	4616	1.0
4738	4345	0.0
4739	4759	0.0
4740	4885	0.0
4741	4798	1.0
4742	4586	0.0
4743	4766	0.0
4744	4650	0.0
4745	4649	0.0
4746	4700	0.0
4747	4728	0.0
4748	4481	0.0
4749	4797	0.0
4750	4772	0.0
4751	4864	0.0
4752	4622	0.0
4753	4780	0.0
4754	4733	0.0
4755	4975	0.0
4756	4735	0.0
4757	4559	0.0
4758	4983	0.0
4759	4526	0.0
4760	4545	0.0
4761	4825	0.0
4762	4747	1.0
4763	4637	0.0
4764	4602	0.0
4765	4583	0.0
4766	4703	0.0
4767	4824	0.0
4768	4718	0.0
4769	4891	0.0
4770	4847	0.0
4771	4764	0.0
4772	4849	0.0
4773	4755	0.0
4774	4800	0.0
4775	4727	0.0
4776	4574	0.0
4777	4524	0.0
4778	4857	0.0
4779	4887	0.0
4780	4811	0.0
4781	4883	0.0
4782	4986	0.0
4783	4784	0.0
4784	4787	0.0
4785	4686	0.0
4786	4991	0.0
4787	4625	1.0
4788	4835	0.0
4789	4895	0.0
4790	4458	0.0
4791	4846	0.0
4792	4653	0.0
4793	4870	0.0
4794	4283	0.0
4795	4902	0.0
4796	4959	0.0
4797	4731	0.0
4798	4730	0.0
4799	4889	0.0
4800	4525	0.0
4801	4806	0.0
4802	4858	0.0
4803	4860	1.0
4804	4832	0.0
4805	4671	0.0
4806	4645	0.0
4807	4833	0.0
4808	4840	1.0
4809	4900	0.0
4810	4720	0.0
4811	4956	0.0
4812	4401	0.0
4813	4776	0.0
4814	4952	0.0
4815	4906	0.0
4816	4940	1.0
4817	4692	0.0
4818	4638	1.0
4819	4691	0.0
4820	4995	1.0
4821	4918	2.0
4822	4473	0.0
4823	4845	0.0
4824	4802	0.0
4825	4736	2.0
4826	4910	1.0
4827	4823	0.0
4828	4950	0.0
4829	4873	0.0
4830	4715	0.0
4831	4782	0.0
4832	4820	0.0
4833	4980	0.0
4834	4855	0.0
4835	4826	0.0
4836	4581	1.0
4837	4834	1.0
4838	4898	0.0
4839	4938	0.0
4840	4882	0.0
4841	4757	0.0
4842	4799	0.0
4843	4771	1.0
4844	4791	0.0
4845	4899	1.0
4846	4994	0.0
4847	4862	1.0
4848	4948	0.0
4849	4721	0.0
4850	4969	0.0
4851	4852	0.0
4852	4881	0.0
4853	4805	0.0
4854	4914	1.0
4855	4894	0.0
4856	4841	0.0
4857	4661	0.0
4858	4972	0.0
4859	4311	0.0
4860	4808	0.0
4861	4655	0.0
4862	4968	0.0
4863	4827	0.0
4864	4676	0.0
4865	4732	0.0
4866	4713	0.0
4867	4908	0.0
4868	4913	1.0
4869	4752	0.0
4870	4920	0.0
4871	4814	0.0
4872	4726	0.0
4873	4828	0.0
4874	4807	0.0
4875	4738	0.0
4876	4865	0.0
4877	4770	0.0
4878	4934	0.0
4879	4960	1.0
4880	4915	0.0
4881	4375	0.0
4882	4869	1.0
4883	4775	1.0
4884	4710	0.0
4885	4742	0.0
4886	4919	0.0
4887	4697	0.0
4888	4663	0.0
4889	4955	1.0
4890	4993	0.0
4891	4937	0.0
4892	4978	0.0
4893	4628	2.0
4894	4961	0.0
4895	4930	0.0
4896	4981	0.0
4897	4723	0.0
4898	4712	0.0
4899	4673	0.0
4900	4998	3.0
4901	4967	0.0
4902	4927	0.0
4903	4947	0.0
4904	4965	1.0
4905	4836	0.0
4906	4951	0.0
4907	4837	2.0
4908	4877	0.0
4909	4909	0.0
4910	4815	0.0
4911	4816	1.0
4912	4922	0.0
4913	4817	0.0
4914	4821	0.0
4915	4719	0.0
4916	4925	1.0
4917	4803	0.0
4918	4773	0.0
4919	4874	3.0
4920	4777	2.0
4921	4921	1.0
4922	4945	1.0
4923	4890	0.0
4924	4741	0.0
4925	4871	0.0
4926	4943	2.0
4927	4924	0.0
4928	4996	3.0
4929	4946	0.0
4930	4778	1.0
4931	4905	3.0
4932	4977	0.0
4933	4872	2.0
4934	4879	0.0
4935	4929	0.0
4936	4842	0.0
4937	4928	2.0
4938	4966	5.0
4939	4831	2.0
4940	4706	4.0
4941	4866	1.0
4942	4989	0.0
4943	4904	3.0
4944	4792	0.0
4945	4861	1.0
4946	4933	0.0
4947	4830	2.0
4948	4607	1.0
4949	4999	1.0
4950	4974	0.0
4951	4863	2.0
4952	4804	2.0
4953	4856	1.0
4954	4880	1.0
4955	4941	0.0
4956	4888	1.0
4957	4737	0.0
4958	4897	4.0
4959	4985	3.0
4960	4854	5.0
4961	4987	1.0
4962	4878	1.0
4963	4942	1.0
4964	4963	3.0
4965	4788	2.0
4966	4992	5.0
4967	4949	1.0
4968	4818	1.0
4969	4546	0.0
4970	4695	7.0
4971	4680	4.0
4972	4944	6.0
4973	4973	2.0
4974	4511	9.0
4975	4932	1.0
4976	4935	5.0
4977	4988	1.0
4978	4957	8.0
4979	4853	0.0
4980	4903	3.0
4981	4979	3.0
4982	4851	1.0
4983	4954	0.0
4984	4953	0.0
4985	4801	1.0
4986	4789	3.0
4987	4774	10.0
4988	4982	5.0
4989	4875	14.0
4990	4962	26.0
4991	4917	12.0
4992	4990	0.0
4993	4958	19.0
4994	4997	14.0
4995	4971	51.0
4996	4911	14.0
4997	4838	10.0
4998	4745	8.0
4999	4923	92.0
5000	0	16.0
総距離：463.0