試行回数	ノード	ノード間距離
0	2112	0.0
1	11	0.0
2	66	0.0
3	42	0.0
4	169	0.0
5	250	0.0
6	35	0.0
7	44	0.0
8	695	0.0
9	79	0.0
10	19	0.0
11	113	0.0
12	243	0.0
13	202	0.0
14	74	0.0
15	106	0.0
16	45	0.0
17	239	0.0
18	27	0.0
19	10	0.0
20	292	0.0
21	29	0.0
22	94	0.0
23	37	0.0
24	156	0.0
25	34	0.0
26	205	0.0
27	53	0.0
28	104	0.0
29	513	0.0
30	15	0.0
31	67	0.0
32	255	0.0
33	85	0.0
34	64	0.0
35	122	0.0
36	98	0.0
37	55	0.0
38	8	0.0
39	174	0.0
40	13	0.0
41	62	0.0
42	354	0.0
43	388	0.0
44	131	0.0
45	306	0.0
46	39	0.0
47	52	0.0
48	189	0.0
49	0	0.0
50	119	0.0
51	211	0.0
52	350	0.0
53	46	0.0
54	82	0.0
55	36	0.0
56	219	0.0
57	4	0.0
58	194	0.0
59	137	0.0
60	25	0.0
61	77	0.0
62	23	0.0
63	315	0.0
64	182	0.0
65	171	0.0
66	149	0.0
67	28	0.0
68	266	0.0
69	220	0.0
70	197	0.0
71	381	0.0
72	125	0.0
73	5	0.0
74	101	0.0
75	190	0.0
76	95	0.0
77	21	0.0
78	253	0.0
79	112	0.0
80	164	0.0
81	181	0.0
82	80	0.0
83	117	0.0
84	72	0.0
85	7	0.0
86	50	0.0
87	168	0.0
88	342	0.0
89	162	0.0
90	278	0.0
91	333	0.0
92	217	0.0
93	118	0.0
94	12	0.0
95	327	0.0
96	177	0.0
97	226	0.0
98	298	0.0
99	24	0.0
100	31	0.0
101	70	0.0
102	280	0.0
103	73	0.0
104	532	0.0
105	208	0.0
106	237	0.0
107	312	0.0
108	92	0.0
109	1	0.0
110	284	0.0
111	128	0.0
112	38	0.0
113	222	0.0
114	259	0.0
115	61	0.0
116	107	0.0
117	57	0.0
118	26	0.0
119	16	0.0
120	32	0.0
121	2	0.0
122	14	0.0
123	86	0.0
124	236	0.0
125	43	0.0
126	627	0.0
127	22	0.0
128	89	0.0
129	286	0.0
130	93	0.0
131	83	0.0
132	269	0.0
133	49	0.0
134	71	0.0
135	96	0.0
136	41	0.0
137	477	0.0
138	157	0.0
139	612	0.0
140	68	0.0
141	235	0.0
142	111	0.0
143	9	0.0
144	84	0.0
145	246	0.0
146	150	0.0
147	115	0.0
148	60	0.0
149	33	0.0
150	90	0.0
151	325	0.0
152	213	0.0
153	47	0.0
154	51	0.0
155	40	0.0
156	75	0.0
157	183	0.0
158	291	0.0
159	167	0.0
160	363	0.0
161	130	0.0
162	127	0.0
163	223	0.0
164	152	0.0
165	352	0.0
166	348	0.0
167	102	0.0
168	218	0.0
169	273	0.0
170	110	0.0
171	123	0.0
172	138	0.0
173	440	0.0
174	153	0.0
175	120	0.0
176	241	0.0
177	54	0.0
178	175	0.0
179	87	0.0
180	233	0.0
181	274	0.0
182	81	0.0
183	172	0.0
184	221	0.0
185	186	0.0
186	151	0.0
187	279	0.0
188	69	0.0
189	304	0.0
190	144	0.0
191	65	0.0
192	114	0.0
193	574	0.0
194	311	0.0
195	206	0.0
196	99	0.0
197	78	0.0
198	132	0.0
199	245	0.0
200	195	0.0
201	192	0.0
202	396	0.0
203	63	0.0
204	295	0.0
205	173	0.0
206	321	0.0
207	6	0.0
208	30	0.0
209	232	0.0
210	326	0.0
211	17	0.0
212	139	0.0
213	48	0.0
214	353	0.0
215	309	0.0
216	214	0.0
217	154	0.0
218	200	0.0
219	142	0.0
220	188	0.0
221	158	0.0
222	379	0.0
223	133	0.0
224	308	0.0
225	275	0.0
226	56	0.0
227	415	0.0
228	147	0.0
229	318	0.0
230	225	0.0
231	215	0.0
232	100	0.0
233	196	0.0
234	454	0.0
235	487	0.0
236	238	0.0
237	358	0.0
238	267	0.0
239	109	0.0
240	270	0.0
241	193	0.0
242	271	0.0
243	328	0.0
244	393	0.0
245	199	0.0
246	290	0.0
247	203	0.0
248	159	0.0
249	252	0.0
250	409	0.0
251	314	0.0
252	626	0.0
253	227	0.0
254	148	0.0
255	330	0.0
256	210	0.0
257	313	0.0
258	187	0.0
259	595	0.0
260	296	0.0
261	320	0.0
262	161	0.0
263	356	0.0
264	283	0.0
265	155	0.0
266	268	0.0
267	336	0.0
268	322	0.0
269	59	0.0
270	469	0.0
271	380	0.0
272	577	0.0
273	343	0.0
274	447	0.0
275	176	0.0
276	374	0.0
277	20	0.0
278	364	0.0
279	209	0.0
280	407	0.0
281	136	0.0
282	234	0.0
283	461	0.0
284	820	0.0
285	263	0.0
286	543	0.0
287	310	0.0
288	163	0.0
289	305	0.0
290	334	0.0
291	377	0.0
292	293	0.0
293	329	0.0
294	207	0.0
295	179	0.0
296	413	0.0
297	619	0.0
298	457	0.0
299	562	0.0
300	166	0.0
301	412	0.0
302	170	0.0
303	143	0.0
304	430	0.0
305	916	0.0
306	103	0.0
307	360	0.0
308	129	0.0
309	378	0.0
310	385	0.0
311	224	0.0
312	418	0.0
313	355	0.0
314	230	0.0
315	145	0.0
316	473	0.0
317	486	0.0
318	340	0.0
319	88	0.0
320	300	0.0
321	91	0.0
322	397	0.0
323	632	0.0
324	339	0.0
325	492	0.0
326	548	0.0
327	289	0.0
328	449	0.0
329	373	0.0
330	265	0.0
331	391	0.0
332	134	0.0
333	135	0.0
334	559	0.0
335	384	0.0
336	249	0.0
337	260	0.0
338	316	0.0
339	429	0.0
340	494	0.0
341	178	0.0
342	463	0.0
343	427	0.0
344	349	0.0
345	108	0.0
346	272	0.0
347	371	0.0
348	281	0.0
349	3	0.0
350	478	0.0
351	262	0.0
352	433	0.0
353	453	0.0
354	357	0.0
355	376	0.0
356	332	0.0
357	621	0.0
358	400	0.0
359	503	0.0
360	288	0.0
361	303	0.0
362	408	0.0
363	386	0.0
364	116	0.0
365	18	0.0
366	105	0.0
367	185	0.0
368	416	0.0
369	443	0.0
370	466	0.0
371	282	0.0
372	529	0.0
373	557	0.0
374	317	0.0
375	405	0.0
376	520	0.0
377	140	0.0
378	511	0.0
379	1112	0.0
380	121	0.0
381	277	0.0
382	367	0.0
383	76	0.0
384	696	0.0
385	375	0.0
386	276	0.0
387	324	0.0
388	395	0.0
389	351	0.0
390	689	0.0
391	905	0.0
392	467	0.0
393	460	0.0
394	526	0.0
395	716	0.0
396	319	0.0
397	528	0.0
398	383	0.0
399	434	0.0
400	426	0.0
401	366	0.0
402	285	0.0
403	337	0.0
404	417	0.0
405	792	0.0
406	505	0.0
407	247	0.0
408	610	0.0
409	335	0.0
410	660	0.0
411	341	0.0
412	578	0.0
413	331	0.0
414	382	0.0
415	763	0.0
416	684	0.0
417	344	0.0
418	126	0.0
419	287	0.0
420	536	0.0
421	254	0.0
422	124	0.0
423	387	0.0
424	630	0.0
425	401	0.0
426	435	0.0
427	392	0.0
428	564	0.0
429	590	0.0
430	504	0.0
431	445	0.0
432	476	0.0
433	530	0.0
434	738	0.0
435	464	0.0
436	365	0.0
437	722	0.0
438	556	0.0
439	731	0.0
440	665	0.0
441	614	0.0
442	212	0.0
443	441	0.0
444	160	0.0
445	359	0.0
446	546	0.0
447	550	0.0
448	471	0.0
449	667	0.0
450	420	0.0
451	555	0.0
452	229	0.0
453	184	0.0
454	589	0.0
455	244	0.0
456	372	0.0
457	370	0.0
458	258	0.0
459	681	0.0
460	483	0.0
461	493	0.0
462	406	0.0
463	776	0.0
464	240	0.0
465	622	0.0
466	394	0.0
467	481	0.0
468	297	0.0
469	498	0.0
470	509	0.0
471	414	0.0
472	398	0.0
473	566	0.0
474	204	0.0
475	436	0.0
476	514	0.0
477	644	0.0
478	423	0.0
479	497	0.0
480	191	0.0
481	470	0.0
482	362	0.0
483	823	0.0
484	299	0.0
485	97	0.0
486	515	0.0
487	361	0.0
488	410	0.0
489	522	0.0
490	264	0.0
491	685	0.0
492	588	0.0
493	648	0.0
494	141	0.0
495	439	0.0
496	465	0.0
497	201	0.0
498	697	0.0
499	231	0.0
500	399	0.0
501	668	0.0
502	675	0.0
503	338	0.0
504	459	0.0
505	519	0.0
506	693	0.0
507	256	0.0
508	228	0.0
509	608	0.0
510	656	0.0
511	694	0.0
512	421	0.0
513	484	0.0
514	369	0.0
515	248	0.0
516	456	0.0
517	451	0.0
518	780	0.0
519	755	0.0
520	251	0.0
521	688	0.0
522	628	0.0
523	485	0.0
524	521	0.0
525	570	0.0
526	635	0.0
527	565	0.0
528	507	0.0
529	450	0.0
530	756	0.0
531	499	0.0
532	609	0.0
533	713	0.0
534	752	0.0
535	491	0.0
536	458	0.0
537	294	0.0
538	646	0.0
539	586	0.0
540	533	0.0
541	345	0.0
542	699	0.0
543	816	0.0
544	670	0.0
545	593	0.0
546	534	0.0
547	616	0.0
548	704	0.0
549	419	0.0
550	669	0.0
551	347	0.0
552	729	0.0
553	568	0.0
554	896	0.0
555	770	0.0
556	480	0.0
557	615	0.0
558	854	0.0
559	402	0.0
560	198	0.0
561	706	0.0
562	512	0.0
563	560	0.0
564	403	0.0
565	524	0.0
566	605	0.0
567	592	0.0
568	428	0.0
569	558	0.0
570	346	0.0
571	541	0.0
572	604	0.0
573	703	0.0
574	724	0.0
575	676	0.0
576	452	0.0
577	554	0.0
578	779	0.0
579	500	0.0
580	1087	0.0
581	257	0.0
582	673	0.0
583	301	0.0
584	709	0.0
585	448	0.0
586	825	0.0
587	425	0.0
588	404	0.0
589	597	0.0
590	799	0.0
591	774	0.0
592	479	0.0
593	769	0.0
594	563	0.0
595	488	0.0
596	508	0.0
597	424	0.0
598	594	0.0
599	180	0.0
600	323	0.0
601	1011	0.0
602	472	0.0
603	446	0.0
604	474	0.0
605	607	0.0
606	1136	0.0
607	552	0.0
608	146	0.0
609	808	0.0
610	496	0.0
611	261	0.0
612	517	0.0
613	636	0.0
614	754	0.0
615	602	0.0
616	411	0.0
617	540	0.0
618	495	0.0
619	599	0.0
620	674	0.0
621	537	0.0
622	1123	0.0
623	575	0.0
624	591	0.0
625	640	0.0
626	531	0.0
627	611	0.0
628	553	0.0
629	165	0.0
630	442	0.0
631	930	0.0
632	791	0.0
633	760	0.0
634	898	0.0
635	582	0.0
636	501	0.0
637	538	0.0
638	596	0.0
639	702	0.0
640	444	0.0
641	307	0.0
642	815	0.0
643	58	0.0
644	844	0.0
645	818	0.0
646	629	0.0
647	1014	0.0
648	682	0.0
649	368	0.0
650	618	0.0
651	782	0.0
652	523	0.0
653	637	0.0
654	482	0.0
655	431	0.0
656	907	0.0
657	849	0.0
658	585	0.0
659	914	0.0
660	741	0.0
661	858	0.0
662	390	0.0
663	544	0.0
664	603	0.0
665	468	0.0
666	580	0.0
667	783	0.0
668	806	0.0
669	643	0.0
670	455	0.0
671	739	0.0
672	767	0.0
673	438	0.0
674	583	0.0
675	809	0.0
676	620	0.0
677	819	0.0
678	567	0.0
679	759	0.0
680	581	0.0
681	650	0.0
682	549	0.0
683	687	0.0
684	1158	0.0
685	864	0.0
686	569	0.0
687	302	0.0
688	561	0.0
689	662	0.0
690	527	0.0
691	845	0.0
692	462	0.0
693	960	0.0
694	919	0.0
695	747	0.0
696	601	0.0
697	539	0.0
698	576	0.0
699	987	0.0
700	707	0.0
701	742	0.0
702	728	0.0
703	748	0.0
704	489	0.0
705	811	0.0
706	899	0.0
707	970	0.0
708	525	0.0
709	661	0.0
710	984	0.0
711	797	0.0
712	839	0.0
713	746	0.0
714	880	0.0
715	817	0.0
716	672	0.0
717	1114	0.0
718	547	0.0
719	584	0.0
720	732	0.0
721	946	0.0
722	977	0.0
723	653	0.0
724	925	0.0
725	737	0.0
726	1023	0.0
727	743	0.0
728	1041	0.0
729	666	0.0
730	700	0.0
731	638	0.0
732	805	0.0
733	545	0.0
734	786	0.0
735	749	0.0
736	921	0.0
737	1032	0.0
738	516	0.0
739	625	0.0
740	965	0.0
741	708	0.0
742	842	0.0
743	851	0.0
744	793	0.0
745	701	0.0
746	598	0.0
747	617	0.0
748	813	0.0
749	572	0.0
750	734	0.0
751	502	0.0
752	518	0.0
753	735	0.0
754	1002	0.0
755	794	0.0
756	587	0.0
757	850	0.0
758	834	0.0
759	877	0.0
760	796	0.0
761	778	0.0
762	874	0.0
763	715	0.0
764	757	0.0
765	740	0.0
766	1052	0.0
767	790	0.0
768	573	0.0
769	639	0.0
770	855	0.0
771	785	0.0
772	744	0.0
773	843	0.0
774	678	0.0
775	422	0.0
776	750	0.0
777	847	0.0
778	686	0.0
779	985	0.0
780	798	0.0
781	490	0.0
782	733	0.0
783	788	0.0
784	623	0.0
785	1106	0.0
786	835	0.0
787	1268	0.0
788	242	0.0
789	829	0.0
790	647	0.0
791	912	0.0
792	542	0.0
793	931	0.0
794	705	0.0
795	768	0.0
796	655	0.0
797	1205	0.0
798	753	0.0
799	679	0.0
800	649	0.0
801	872	0.0
802	889	0.0
803	859	0.0
804	718	0.0
805	947	0.0
806	1154	0.0
807	879	0.0
808	710	0.0
809	856	0.0
810	1164	0.0
811	437	0.0
812	953	0.0
813	765	0.0
814	663	0.0
815	775	0.0
816	1044	0.0
817	981	0.0
818	651	0.0
819	807	0.0
820	631	0.0
821	535	0.0
822	826	0.0
823	975	0.0
824	600	0.0
825	475	0.0
826	571	0.0
827	727	0.0
828	940	0.0
829	1093	0.0
830	1129	0.0
831	551	0.0
832	822	0.0
833	1109	0.0
834	683	0.0
835	642	0.0
836	795	0.0
837	1030	0.0
838	926	0.0
839	821	0.0
840	606	0.0
841	641	0.0
842	613	0.0
843	389	0.0
844	948	0.0
845	828	0.0
846	758	0.0
847	836	0.0
848	726	0.0
849	762	0.0
850	866	0.0
851	698	0.0
852	766	0.0
853	957	0.0
854	1354	0.0
855	736	0.0
856	764	0.0
857	873	0.0
858	967	0.0
859	1000	0.0
860	633	0.0
861	1038	0.0
862	884	0.0
863	865	0.0
864	671	0.0
865	897	0.0
866	894	0.0
867	958	0.0
868	658	0.0
869	1040	0.0
870	868	0.0
871	814	0.0
872	725	0.0
873	690	0.0
874	659	0.0
875	1206	0.0
876	952	0.0
877	869	0.0
878	923	0.0
879	862	0.0
880	1097	0.0
881	1131	0.0
882	730	0.0
883	812	0.0
884	1332	0.0
885	991	0.0
886	810	0.0
887	853	0.0
888	924	0.0
889	645	0.0
890	721	0.0
891	652	0.0
892	890	0.0
893	773	0.0
894	1064	0.0
895	911	0.0
896	963	0.0
897	827	0.0
898	772	0.0
899	1098	0.0
900	1065	0.0
901	751	0.0
902	714	0.0
903	929	0.0
904	917	0.0
905	1176	0.0
906	892	0.0
907	840	0.0
908	942	0.0
909	927	0.0
910	932	0.0
911	1072	0.0
912	723	0.0
913	1018	0.0
914	944	0.0
915	920	0.0
916	1007	0.0
917	913	0.0
918	1033	0.0
919	824	0.0
920	1139	0.0
921	870	0.0
922	993	0.0
923	906	0.0
924	677	0.0
925	886	0.0
926	1337	0.0
927	1013	0.0
928	657	0.0
929	1183	0.0
930	999	0.0
931	900	0.0
932	1069	0.0
933	1166	0.0
934	831	0.0
935	882	0.0
936	712	0.0
937	1321	0.0
938	784	0.0
939	1048	0.0
940	935	0.0
941	771	0.0
942	1101	0.0
943	800	0.0
944	832	0.0
945	885	0.0
946	830	0.0
947	846	0.0
948	1118	0.0
949	624	0.0
950	888	0.0
951	857	0.0
952	664	0.0
953	1250	0.0
954	1645	0.0
955	1073	0.0
956	838	0.0
957	1126	0.0
958	1156	0.0
959	1071	0.0
960	941	0.0
961	1435	0.0
962	801	0.0
963	717	0.0
964	1511	0.0
965	1245	0.0
966	1216	0.0
967	904	0.0
968	918	0.0
969	871	0.0
970	1056	0.0
971	887	0.0
972	902	0.0
973	966	0.0
974	848	0.0
975	1046	0.0
976	634	0.0
977	1323	0.0
978	973	0.0
979	954	0.0
980	980	0.0
981	1210	0.0
982	833	0.0
983	1076	0.0
984	895	0.0
985	787	0.0
986	841	0.0
987	216	0.0
988	867	0.0
989	1230	0.0
990	883	0.0
991	1107	0.0
992	983	0.0
993	1295	0.0
994	1053	0.0
995	802	0.0
996	1081	0.0
997	1068	0.0
998	510	0.0
999	915	0.0
1000	1021	0.0
1001	878	0.0
1002	1022	0.0
1003	961	0.0
1004	579	0.0
1005	1162	0.0
1006	803	0.0
1007	969	0.0
1008	909	0.0
1009	901	0.0
1010	1178	0.0
1011	432	0.0
1012	943	0.0
1013	974	0.0
1014	1047	0.0
1015	1034	0.0
1016	922	0.0
1017	971	0.0
1018	903	0.0
1019	1315	0.0
1020	1168	0.0
1021	1092	0.0
1022	680	0.0
1023	1060	0.0
1024	1312	0.0
1025	863	0.0
1026	1026	0.0
1027	976	0.0
1028	995	0.0
1029	1008	0.0
1030	1339	0.0
1031	1130	0.0
1032	1358	0.0
1033	1043	0.0
1034	1180	0.0
1035	1508	0.0
1036	956	0.0
1037	719	0.0
1038	1246	0.0
1039	1031	0.0
1040	945	0.0
1041	654	0.0
1042	1259	0.0
1043	1036	0.0
1044	761	0.0
1045	979	0.0
1046	1172	0.0
1047	1086	0.0
1048	1231	0.0
1049	1153	0.0
1050	1055	0.0
1051	997	0.0
1052	934	0.0
1053	1262	0.0
1054	988	0.0
1055	711	0.0
1056	950	0.0
1057	1283	0.0
1058	1280	0.0
1059	852	0.0
1060	1191	0.0
1061	1025	0.0
1062	691	0.0
1063	1085	0.0
1064	1066	0.0
1065	1405	0.0
1066	1010	0.0
1067	908	0.0
1068	1137	0.0
1069	933	0.0
1070	1042	0.0
1071	959	0.0
1072	1365	0.0
1073	1083	0.0
1074	994	0.0
1075	893	0.0
1076	962	0.0
1077	939	0.0
1078	1080	0.0
1079	990	0.0
1080	1287	0.0
1081	1163	0.0
1082	1145	0.0
1083	1035	0.0
1084	968	0.0
1085	1194	0.0
1086	1075	0.0
1087	1258	0.0
1088	1174	0.0
1089	989	0.0
1090	1135	0.0
1091	1001	0.0
1092	1063	0.0
1093	1483	0.0
1094	804	0.0
1095	936	0.0
1096	1110	0.0
1097	1348	0.0
1098	720	0.0
1099	506	0.0
1100	1272	0.0
1101	1009	0.0
1102	1270	0.0
1103	860	0.0
1104	1177	0.0
1105	1212	0.0
1106	1119	0.0
1107	982	0.0
1108	1096	0.0
1109	1070	0.0
1110	1329	0.0
1111	891	0.0
1112	1204	0.0
1113	949	0.0
1114	1235	0.0
1115	1370	0.0
1116	1241	0.0
1117	1170	0.0
1118	1159	0.0
1119	1100	0.0
1120	1061	0.0
1121	1167	0.0
1122	1019	0.0
1123	1142	0.0
1124	1264	0.0
1125	837	0.0
1126	996	0.0
1127	1184	0.0
1128	1217	0.0
1129	861	0.0
1130	1327	0.0
1131	910	0.0
1132	1322	0.0
1133	1219	0.0
1134	1006	0.0
1135	1138	0.0
1136	1079	0.0
1137	964	0.0
1138	1005	0.0
1139	1157	0.0
1140	1448	0.0
1141	1463	0.0
1142	1152	0.0
1143	1049	0.0
1144	1179	0.0
1145	928	0.0
1146	1229	0.0
1147	986	0.0
1148	1371	0.0
1149	1263	0.0
1150	1090	0.0
1151	1274	0.0
1152	1524	0.0
1153	1227	0.0
1154	1381	0.0
1155	1175	0.0
1156	1422	0.0
1157	876	0.0
1158	1401	0.0
1159	1169	0.0
1160	1050	0.0
1161	1199	0.0
1162	1407	0.0
1163	1116	0.0
1164	1220	0.0
1165	1248	0.0
1166	992	0.0
1167	875	0.0
1168	1236	0.0
1169	1024	0.0
1170	1016	0.0
1171	1393	0.0
1172	1353	0.0
1173	1039	0.0
1174	692	0.0
1175	937	0.0
1176	978	0.0
1177	1363	0.0
1178	1252	0.0
1179	745	0.0
1180	938	0.0
1181	777	0.0
1182	1360	0.0
1183	1233	0.0
1184	1160	0.0
1185	1242	0.0
1186	951	0.0
1187	1095	0.0
1188	1020	0.0
1189	1105	0.0
1190	1240	0.0
1191	1266	0.0
1192	1218	0.0
1193	1155	0.0
1194	1181	0.0
1195	1305	0.0
1196	1221	0.0
1197	1108	0.0
1198	1171	0.0
1199	1188	0.0
1200	1282	0.0
1201	1117	0.0
1202	1134	0.0
1203	1084	0.0
1204	1144	0.0
1205	1012	0.0
1206	1286	0.0
1207	1249	0.0
1208	1336	0.0
1209	1111	0.0
1210	1355	0.0
1211	1015	0.0
1212	1366	0.0
1213	1115	0.0
1214	1806	0.0
1215	1397	0.0
1216	1077	0.0
1217	1309	0.0
1218	1099	0.0
1219	1143	0.0
1220	1457	0.0
1221	1207	0.0
1222	1333	0.0
1223	1161	0.0
1224	1147	0.0
1225	1550	0.0
1226	1051	0.0
1227	1102	0.0
1228	1132	0.0
1229	1419	0.0
1230	1425	0.0
1231	1255	0.0
1232	1488	0.0
1233	1004	0.0
1234	1320	0.0
1235	1484	0.0
1236	1302	0.0
1237	1223	0.0
1238	1201	0.0
1239	1189	0.0
1240	1290	0.0
1241	1215	0.0
1242	1243	0.0
1243	1198	0.0
1244	1074	0.0
1245	1151	0.0
1246	1487	0.0
1247	1289	0.0
1248	1344	0.0
1249	1224	0.0
1250	1737	0.0
1251	1382	0.0
1252	1213	0.0
1253	972	0.0
1254	1190	0.0
1255	1228	0.0
1256	1045	0.0
1257	1652	0.0
1258	1552	0.0
1259	1150	0.0
1260	1059	0.0
1261	1103	0.0
1262	1278	0.0
1263	1104	0.0
1264	1244	0.0
1265	1294	0.0
1266	1195	0.0
1267	1380	0.0
1268	1128	0.0
1269	1082	0.0
1270	1349	0.0
1271	1148	0.0
1272	1037	0.0
1273	1285	0.0
1274	1592	0.0
1275	1122	0.0
1276	1347	0.0
1277	1293	0.0
1278	1539	0.0
1279	789	0.0
1280	1078	0.0
1281	998	0.0
1282	1185	0.0
1283	1394	0.0
1284	1324	0.0
1285	1311	0.0
1286	1003	0.0
1287	1452	0.0
1288	1402	0.0
1289	1684	0.0
1290	1027	0.0
1291	1437	0.0
1292	1301	0.0
1293	1226	0.0
1294	1317	0.0
1295	1582	0.0
1296	1399	0.0
1297	1141	0.0
1298	1062	0.0
1299	1474	0.0
1300	1234	0.0
1301	1017	0.0
1302	1127	0.0
1303	1369	0.0
1304	1028	0.0
1305	1281	0.0
1306	1054	0.0
1307	1277	0.0
1308	1733	0.0
1309	1575	0.0
1310	1362	0.0
1311	1303	0.0
1312	1288	0.0
1313	1490	0.0
1314	1271	0.0
1315	1308	0.0
1316	1225	0.0
1317	1412	0.0
1318	1742	0.0
1319	1208	0.0
1320	1783	0.0
1321	1232	0.0
1322	1203	0.0
1323	955	0.0
1324	1438	0.0
1325	1557	0.0
1326	1722	0.0
1327	1187	0.0
1328	1458	0.0
1329	1298	0.0
1330	1253	0.0
1331	1372	0.0
1332	1416	0.0
1333	1251	0.0
1334	1292	0.0
1335	1296	0.0
1336	1423	0.0
1337	881	0.0
1338	1570	0.0
1339	1192	0.0
1340	1275	0.0
1341	1432	0.0
1342	1605	0.0
1343	1284	0.0
1344	1149	0.0
1345	1408	0.0
1346	1094	0.0
1347	1441	0.0
1348	1238	0.0
1349	1396	0.0
1350	1121	0.0
1351	1237	0.0
1352	1029	0.0
1353	1859	0.0
1354	1455	0.0
1355	1389	0.0
1356	1453	0.0
1357	1350	0.0
1358	1057	0.0
1359	1459	0.0
1360	1254	0.0
1361	1067	0.0
1362	1058	0.0
1363	1124	0.0
1364	1304	0.0
1365	1586	0.0
1366	1461	0.0
1367	1444	0.0
1368	1300	0.0
1369	1426	0.0
1370	1318	0.0
1371	1269	0.0
1372	1088	0.0
1373	1398	0.0
1374	1559	0.0
1375	1260	0.0
1376	1276	0.0
1377	1133	0.0
1378	1454	0.0
1379	1125	0.0
1380	1331	0.0
1381	1326	0.0
1382	1257	0.0
1383	1209	0.0
1384	1656	0.0
1385	1306	0.0
1386	1379	0.0
1387	1527	0.0
1388	1222	0.0
1389	1390	0.0
1390	1214	0.0
1391	1297	0.0
1392	1583	0.0
1393	1273	0.0
1394	1578	0.0
1395	1351	0.0
1396	1848	0.0
1397	1091	0.0
1398	1427	0.0
1399	1310	0.0
1400	1434	0.0
1401	1173	0.0
1402	1314	0.0
1403	1319	0.0
1404	1711	0.0
1405	1368	0.0
1406	1202	0.0
1407	1346	0.0
1408	1140	0.0
1409	1193	0.0
1410	1450	0.0
1411	1265	0.0
1412	1726	0.0
1413	1468	0.0
1414	1334	0.0
1415	1330	0.0
1416	1593	0.0
1417	1343	0.0
1418	1700	0.0
1419	1662	0.0
1420	1376	0.0
1421	1411	0.0
1422	1239	0.0
1423	1417	0.0
1424	1869	0.0
1425	1549	0.0
1426	1479	0.0
1427	1589	0.0
1428	1672	0.0
1429	1200	0.0
1430	1462	0.0
1431	1560	0.0
1432	1512	0.0
1433	1120	0.0
1434	1473	0.0
1435	1465	0.0
1436	1387	0.0
1437	1406	0.0
1438	1357	0.0
1439	1361	0.0
1440	1480	0.0
1441	1469	0.0
1442	1708	0.0
1443	1386	0.0
1444	1424	0.0
1445	1675	0.0
1446	1792	0.0
1447	1338	0.0
1448	1261	0.0
1449	1377	0.0
1450	1342	0.0
1451	1482	0.0
1452	1420	0.0
1453	1681	0.0
1454	1316	0.0
1455	1341	0.0
1456	1470	0.0
1457	1375	0.0
1458	1532	0.0
1459	1472	0.0
1460	1356	0.0
1461	1392	0.0
1462	1505	0.0
1463	1165	0.0
1464	1493	0.0
1465	1256	0.0
1466	1591	0.0
1467	1509	0.0
1468	1514	0.0
1469	1335	0.0
1470	1374	0.0
1471	1649	0.0
1472	1506	0.0
1473	1395	0.0
1474	1504	0.0
1475	1634	0.0
1476	1502	0.0
1477	1446	0.0
1478	1414	0.0
1479	1567	0.0
1480	1558	0.0
1481	1507	0.0
1482	1696	0.0
1483	1267	0.0
1484	1671	0.0
1485	1547	0.0
1486	781	0.0
1487	1657	0.0
1488	1445	0.0
1489	1291	0.0
1490	1695	0.0
1491	1352	0.0
1492	1940	0.0
1493	1182	0.0
1494	1359	0.0
1495	1515	0.0
1496	1735	0.0
1497	1499	0.0
1498	1485	0.0
1499	1113	0.0
1500	1431	0.0
1501	1636	0.0
1502	1466	0.0
1503	1383	0.0
1504	1534	0.0
1505	1651	0.0
1506	1421	0.0
1507	1503	0.0
1508	1373	0.0
1509	1197	0.0
1510	1647	0.0
1511	1494	0.0
1512	1976	0.0
1513	1521	0.0
1514	1516	0.0
1515	1498	0.0
1516	1413	0.0
1517	1747	0.0
1518	1610	0.0
1519	1476	0.0
1520	1664	0.0
1521	1447	0.0
1522	1732	0.0
1523	1520	0.0
1524	1911	0.0
1525	1562	0.0
1526	1403	0.0
1527	1598	0.0
1528	1977	0.0
1529	1718	0.0
1530	1713	0.0
1531	1687	0.0
1532	1665	0.0
1533	1464	0.0
1534	1523	0.0
1535	1299	0.0
1536	1196	0.0
1537	1542	0.0
1538	1443	0.0
1539	1741	0.0
1540	1430	0.0
1541	1608	0.0
1542	1640	0.0
1543	1531	0.0
1544	1899	0.0
1545	1456	0.0
1546	1561	0.0
1547	1588	0.0
1548	1602	0.0
1549	1146	0.0
1550	1635	0.0
1551	1619	0.0
1552	1633	0.0
1553	1556	0.0
1554	1325	0.0
1555	1667	0.0
1556	1492	0.0
1557	1614	0.0
1558	1340	0.0
1559	1415	0.0
1560	1436	0.0
1561	1486	0.0
1562	1574	0.0
1563	1774	0.0
1564	1538	0.0
1565	1814	0.0
1566	1478	0.0
1567	1440	0.0
1568	1500	0.0
1569	1378	0.0
1570	1621	0.0
1571	1595	0.0
1572	1627	0.0
1573	1599	0.0
1574	1544	0.0
1575	1754	0.0
1576	1576	0.0
1577	1803	0.0
1578	1673	0.0
1579	1546	0.0
1580	1581	0.0
1581	1404	0.0
1582	1460	0.0
1583	1648	0.0
1584	1384	0.0
1585	1625	0.0
1586	1526	0.0
1587	1471	0.0
1588	1571	0.0
1589	1517	0.0
1590	1501	0.0
1591	1842	0.0
1592	1439	0.0
1593	1535	0.0
1594	1388	0.0
1595	1579	0.0
1596	1418	0.0
1597	1548	0.0
1598	1613	0.0
1599	1889	0.0
1600	1790	0.0
1601	1701	0.0
1602	1653	0.0
1603	1385	0.0
1604	1489	0.0
1605	1791	0.0
1606	1525	0.0
1607	1879	0.0
1608	1510	0.0
1609	1693	0.0
1610	1587	0.0
1611	1577	0.0
1612	1530	0.0
1613	1467	0.0
1614	1584	0.0
1615	1451	0.0
1616	1987	0.0
1617	1603	0.0
1618	1410	0.0
1619	1896	0.0
1620	1847	0.0
1621	1518	0.0
1622	1541	0.0
1623	1491	0.0
1624	1313	0.0
1625	1572	0.0
1626	1824	0.0
1627	1628	0.0
1628	1551	0.0
1629	1679	0.0
1630	1522	0.0
1631	1688	0.0
1632	1623	0.0
1633	1367	0.0
1634	1626	0.0
1635	1449	0.0
1636	1761	0.0
1637	1778	0.0
1638	1978	0.0
1639	1805	0.0
1640	1654	0.0
1641	1247	0.0
1642	1211	0.0
1643	1660	0.0
1644	1328	0.0
1645	1710	0.0
1646	1845	0.0
1647	1596	0.0
1648	1655	0.0
1649	1757	0.0
1650	1186	0.0
1651	1528	0.0
1652	1854	0.0
1653	2163	0.0
1654	1519	0.0
1655	1704	0.0
1656	1409	0.0
1657	1902	0.0
1658	1690	0.0
1659	1680	0.0
1660	1669	0.0
1661	1768	0.0
1662	1618	0.0
1663	1585	0.0
1664	1564	0.0
1665	1828	0.0
1666	1738	0.0
1667	1661	0.0
1668	1714	0.0
1669	1826	0.0
1670	1789	0.0
1671	1428	0.0
1672	1545	0.0
1673	1753	0.0
1674	1750	0.0
1675	1831	0.0
1676	1756	0.0
1677	1529	0.0
1678	1563	0.0
1679	1900	0.0
1680	2035	0.0
1681	1984	0.0
1682	1897	0.0
1683	1830	0.0
1684	1686	0.0
1685	1566	0.0
1686	1986	0.0
1687	1391	0.0
1688	1540	0.0
1689	2091	0.0
1690	1601	0.0
1691	1727	0.0
1692	1644	0.0
1693	1794	0.0
1694	1573	0.0
1695	1682	0.0
1696	1706	0.0
1697	1497	0.0
1698	1816	0.0
1699	1677	0.0
1700	1818	0.0
1701	1279	0.0
1702	2087	0.0
1703	1495	0.0
1704	1611	0.0
1705	1838	0.0
1706	1620	0.0
1707	1646	0.0
1708	1702	0.0
1709	2136	0.0
1710	1600	0.0
1711	1800	0.0
1712	1607	0.0
1713	1725	0.0
1714	1606	0.0
1715	1760	0.0
1716	1678	0.0
1717	1825	0.0
1718	1624	0.0
1719	1731	0.0
1720	1947	0.0
1721	2031	0.0
1722	1622	0.0
1723	1870	0.0
1724	1705	0.0
1725	1639	0.0
1726	1707	0.0
1727	1804	0.0
1728	1852	0.0
1729	1766	0.0
1730	1822	0.0
1731	1612	0.0
1732	1775	0.0
1733	1513	0.0
1734	1638	0.0
1735	1758	0.0
1736	1629	0.0
1737	1954	0.0
1738	1565	0.0
1739	1945	0.0
1740	1821	0.0
1741	1568	0.0
1742	1762	0.0
1743	1590	0.0
1744	2474	0.0
1745	1770	0.0
1746	1433	0.0
1747	2316	0.0
1748	1801	0.0
1749	1089	0.0
1750	1767	0.0
1751	1885	0.0
1752	2078	0.0
1753	1650	0.0
1754	1689	0.0
1755	1784	0.0
1756	1536	0.0
1757	1533	0.0
1758	1400	0.0
1759	2187	0.0
1760	1630	0.0
1761	1829	0.0
1762	1477	0.0
1763	2352	0.0
1764	1891	0.0
1765	1642	0.0
1766	1364	0.0
1767	1631	0.0
1768	1724	0.0
1769	1944	0.0
1770	1597	0.0
1771	1659	0.0
1772	1685	0.0
1773	1798	0.0
1774	1858	0.0
1775	1895	0.0
1776	1807	0.0
1777	1810	0.0
1778	1938	0.0
1779	1666	0.0
1780	1703	0.0
1781	1988	0.0
1782	1637	0.0
1783	1788	0.0
1784	1865	0.0
1785	1543	0.0
1786	1786	0.0
1787	1569	0.0
1788	1617	0.0
1789	1872	0.0
1790	1927	0.0
1791	1779	0.0
1792	1744	0.0
1793	1683	0.0
1794	1755	0.0
1795	1537	0.0
1796	1808	0.0
1797	1658	0.0
1798	1863	0.0
1799	1873	0.0
1800	1594	0.0
1801	1795	0.0
1802	2053	0.0
1803	1676	0.0
1804	1555	0.0
1805	1819	0.0
1806	1905	0.0
1807	1907	0.0
1808	1670	0.0
1809	1862	0.0
1810	1884	0.0
1811	1442	0.0
1812	1997	0.0
1813	1698	0.0
1814	1920	0.0
1815	1692	0.0
1816	1691	0.0
1817	1871	0.0
1818	1782	0.0
1819	1787	0.0
1820	1890	0.0
1821	1743	0.0
1822	1697	0.0
1823	1632	0.0
1824	2343	0.0
1825	1736	0.0
1826	1908	0.0
1827	1995	0.0
1828	1832	0.0
1829	1924	0.0
1830	1716	0.0
1831	1925	0.0
1832	1820	0.0
1833	1796	0.0
1834	1721	0.0
1835	1936	0.0
1836	1850	0.0
1837	1866	0.0
1838	1990	0.0
1839	1554	0.0
1840	2041	0.0
1841	1876	0.0
1842	1429	0.0
1843	2082	0.0
1844	1764	0.0
1845	1709	0.0
1846	1901	0.0
1847	1580	0.0
1848	1307	0.0
1849	1931	0.0
1850	1616	0.0
1851	2211	0.0
1852	1963	0.0
1853	2046	0.0
1854	1855	0.0
1855	2096	0.0
1856	1882	0.0
1857	1793	0.0
1858	1772	0.0
1859	1553	0.0
1860	2042	0.0
1861	1815	0.0
1862	1877	0.0
1863	1934	0.0
1864	2036	0.0
1865	1917	0.0
1866	1746	0.0
1867	1668	0.0
1868	1837	0.0
1869	1781	0.0
1870	1609	0.0
1871	2020	0.0
1872	1712	0.0
1873	1888	0.0
1874	1985	0.0
1875	1948	0.0
1876	1799	0.0
1877	1935	0.0
1878	1953	0.0
1879	1734	0.0
1880	1904	0.0
1881	2057	0.0
1882	2286	0.0
1883	1751	0.0
1884	1812	0.0
1885	1720	0.0
1886	2037	0.0
1887	1999	0.0
1888	2054	0.0
1889	1853	0.0
1890	2093	0.0
1891	1926	0.0
1892	1802	0.0
1893	2016	0.0
1894	1918	0.0
1895	2089	0.0
1896	1846	0.0
1897	2085	0.0
1898	2105	0.0
1899	2067	0.0
1900	1916	0.0
1901	1898	0.0
1902	1674	0.0
1903	1849	0.0
1904	1813	0.0
1905	2017	0.0
1906	2045	0.0
1907	1765	0.0
1908	1771	0.0
1909	1969	0.0
1910	1991	0.0
1911	2127	0.0
1912	2004	0.0
1913	1929	0.0
1914	1719	0.0
1915	1857	0.0
1916	1875	0.0
1917	2123	0.0
1918	1835	0.0
1919	2019	0.0
1920	1958	0.0
1921	1841	0.0
1922	1950	0.0
1923	2062	0.0
1924	1906	0.0
1925	1836	0.0
1926	1868	0.0
1927	1785	0.0
1928	2098	0.0
1929	2075	0.0
1930	1730	0.0
1931	2025	0.0
1932	1663	0.0
1933	2106	0.0
1934	1966	0.0
1935	2166	0.0
1936	1773	0.0
1937	1874	0.0
1938	2058	0.0
1939	1903	0.0
1940	1745	0.0
1941	2100	0.0
1942	1797	0.0
1943	1914	0.0
1944	1886	0.0
1945	1880	0.0
1946	1910	0.0
1947	2137	0.0
1948	1956	0.0
1949	1723	0.0
1950	2052	0.0
1951	1983	0.0
1952	1864	0.0
1953	2061	0.0
1954	2027	0.0
1955	1752	0.0
1956	1763	0.0
1957	1887	0.0
1958	1840	0.0
1959	2095	0.0
1960	1962	0.0
1961	1912	0.0
1962	1728	0.0
1963	1971	0.0
1964	2117	0.0
1965	1699	0.0
1966	1481	0.0
1967	1844	0.0
1968	1951	0.0
1969	1345	0.0
1970	2194	0.0
1971	1843	0.0
1972	1856	0.0
1973	2029	0.0
1974	1993	0.0
1975	2396	0.0
1976	2003	0.0
1977	1941	0.0
1978	1715	0.0
1979	1860	0.0
1980	1740	0.0
1981	1972	0.0
1982	1919	0.0
1983	1973	0.0
1984	2102	0.0
1985	2257	0.0
1986	2201	0.0
1987	2107	0.0
1988	2074	0.0
1989	1994	0.0
1990	1839	0.0
1991	2090	0.0
1992	2014	0.0
1993	1694	0.0
1994	2097	0.0
1995	2169	0.0
1996	1861	0.0
1997	2108	0.0
1998	1776	0.0
1999	1780	0.0
2000	1923	0.0
2001	2175	0.0
2002	1939	0.0
2003	2013	0.0
2004	2447	0.0
2005	1998	0.0
2006	2051	0.0
2007	2390	0.0
2008	1974	0.0
2009	1604	0.0
2010	1717	0.0
2011	2145	0.0
2012	2154	0.0
2013	2048	0.0
2014	1992	0.0
2015	1979	0.0
2016	2125	0.0
2017	1996	0.0
2018	2002	0.0
2019	2047	0.0
2020	2065	0.0
2021	2156	0.0
2022	2030	0.0
2023	1739	0.0
2024	2167	0.0
2025	1883	0.0
2026	2109	0.0
2027	2120	0.0
2028	2303	0.0
2029	2432	0.0
2030	1892	0.0
2031	1957	0.0
2032	2495	0.0
2033	2060	0.0
2034	1970	0.0
2035	2357	0.0
2036	2147	0.0
2037	1975	0.0
2038	2335	0.0
2039	2370	0.0
2040	1922	0.0
2041	1921	0.0
2042	2195	0.0
2043	2009	0.0
2044	2170	0.0
2045	1496	0.0
2046	2159	0.0
2047	2235	0.0
2048	2026	0.0
2049	2101	0.0
2050	2189	0.0
2051	1615	0.0
2052	1959	0.0
2053	2032	0.0
2054	2246	0.0
2055	1729	0.0
2056	1980	0.0
2057	2313	0.0
2058	2119	0.0
2059	2008	0.0
2060	2160	0.0
2061	1968	0.0
2062	2181	0.0
2063	2202	0.0
2064	2099	0.0
2065	2350	0.0
2066	1867	0.0
2067	1811	0.0
2068	2277	0.0
2069	1964	0.0
2070	1777	0.0
2071	2033	0.0
2072	2064	0.0
2073	1749	0.0
2074	1965	0.0
2075	2509	0.0
2076	2021	0.0
2077	2213	0.0
2078	1928	0.0
2079	2073	0.0
2080	2196	0.0
2081	2659	0.0
2082	1955	0.0
2083	2248	0.0
2084	2006	0.0
2085	2242	0.0
2086	2164	0.0
2087	2012	0.0
2088	1641	0.0
2089	2386	0.0
2090	2268	0.0
2091	2038	0.0
2092	2079	0.0
2093	2072	0.0
2094	1982	0.0
2095	2050	0.0
2096	1833	0.0
2097	2200	0.0
2098	1809	0.0
2099	1893	0.0
2100	2056	0.0
2101	2209	0.0
2102	1878	0.0
2103	2206	0.0
2104	1942	0.0
2105	2312	0.0
2106	2276	0.0
2107	2055	0.0
2108	2084	0.0
2109	2158	0.0
2110	2185	0.0
2111	1930	0.0
2112	2255	0.0
2113	2647	0.0
2114	2278	0.0
2115	2151	0.0
2116	2144	0.0
2117	2010	0.0
2118	2063	0.0
2119	1943	0.0
2120	1817	0.0
2121	2323	0.0
2122	2077	0.0
2123	2192	0.0
2124	2463	0.0
2125	2362	0.0
2126	1981	0.0
2127	1827	0.0
2128	2115	0.0
2129	2076	0.0
2130	2265	0.0
2131	2124	0.0
2132	1823	0.0
2133	2149	0.0
2134	2700	0.0
2135	2237	0.0
2136	2888	0.0
2137	2431	0.0
2138	1759	0.0
2139	2302	0.0
2140	2258	0.0
2141	2204	0.0
2142	2344	0.0
2143	2176	0.0
2144	2148	0.0
2145	1881	0.0
2146	2044	0.0
2147	2113	0.0
2148	2066	0.0
2149	2554	0.0
2150	2214	0.0
2151	2182	0.0
2152	2245	0.0
2153	2140	0.0
2154	1952	0.0
2155	2129	0.0
2156	1834	0.0
2157	1933	0.0
2158	2341	0.0
2159	2000	0.0
2160	1937	0.0
2161	2188	0.0
2162	2212	0.0
2163	2253	0.0
2164	2088	0.0
2165	2177	0.0
2166	2221	0.0
2167	2340	0.0
2168	1967	0.0
2169	2250	0.0
2170	2524	0.0
2171	2023	0.0
2172	2408	0.0
2173	2193	0.0
2174	1932	0.0
2175	2330	0.0
2176	2024	0.0
2177	2005	0.0
2178	2138	0.0
2179	2210	0.0
2180	2208	0.0
2181	2034	0.0
2182	1946	0.0
2183	2229	0.0
2184	2827	0.0
2185	2262	0.0
2186	2219	0.0
2187	2081	0.0
2188	2333	0.0
2189	2314	0.0
2190	1643	0.0
2191	2153	0.0
2192	2184	0.0
2193	2039	0.0
2194	2111	0.0
2195	1909	0.0
2196	2190	0.0
2197	2270	0.0
2198	2080	0.0
2199	2139	0.0
2200	2121	0.0
2201	2116	0.0
2202	2131	0.0
2203	2007	0.0
2204	2266	0.0
2205	2238	0.0
2206	2086	0.0
2207	1915	0.0
2208	2171	0.0
2209	2337	0.0
2210	2393	0.0
2211	2069	0.0
2212	2028	0.0
2213	2168	0.0
2214	2354	0.0
2215	2094	0.0
2216	2298	0.0
2217	2126	0.0
2218	2521	0.0
2219	2252	0.0
2220	1960	0.0
2221	2150	0.0
2222	2403	0.0
2223	2180	0.0
2224	2453	0.0
2225	2296	0.0
2226	2244	0.0
2227	2251	0.0
2228	2152	0.0
2229	2355	0.0
2230	2230	0.0
2231	2299	0.0
2232	2118	0.0
2233	2018	0.0
2234	2413	0.0
2235	2068	0.0
2236	2418	0.0
2237	2342	0.0
2238	2183	0.0
2239	2040	0.0
2240	2364	0.0
2241	2104	0.0
2242	2220	0.0
2243	2492	0.0
2244	2526	0.0
2245	2922	0.0
2246	2049	0.0
2247	3224	0.0
2248	2409	0.0
2249	2272	0.0
2250	2141	0.0
2251	2165	0.0
2252	2022	0.0
2253	2260	0.0
2254	2496	0.0
2255	2092	0.0
2256	2451	0.0
2257	2274	0.0
2258	2552	0.0
2259	2132	0.0
2260	2516	0.0
2261	2207	0.0
2262	2205	0.0
2263	2462	0.0
2264	1989	0.0
2265	2573	0.0
2266	2319	0.0
2267	2083	0.0
2268	2142	0.0
2269	2306	0.0
2270	2011	0.0
2271	2264	0.0
2272	2015	0.0
2273	2282	0.0
2274	2365	0.0
2275	2173	0.0
2276	2284	0.0
2277	2157	0.0
2278	2191	0.0
2279	2305	0.0
2280	2311	0.0
2281	2292	0.0
2282	2372	0.0
2283	2263	0.0
2284	2481	0.0
2285	2401	0.0
2286	2114	0.0
2287	1961	0.0
2288	2249	0.0
2289	2430	0.0
2290	2059	0.0
2291	2279	0.0
2292	2467	0.0
2293	2317	0.0
2294	2134	0.0
2295	2234	0.0
2296	2224	0.0
2297	2385	0.0
2298	2198	0.0
2299	2269	0.0
2300	2327	0.0
2301	1769	0.0
2302	2273	0.0
2303	2345	0.0
2304	2599	0.0
2305	2427	0.0
2306	2381	0.0
2307	2549	0.0
2308	2241	0.0
2309	2243	0.0
2310	2128	0.0
2311	2290	0.0
2312	1949	0.0
2313	2001	0.0
2314	2392	0.0
2315	2400	0.0
2316	2378	0.0
2317	2261	0.0
2318	2203	0.0
2319	2222	0.0
2320	2441	0.0
2321	2318	0.0
2322	2382	0.0
2323	1748	0.0
2324	2300	0.0
2325	2216	0.0
2326	2247	0.0
2327	2301	0.0
2328	2326	0.0
2329	2236	0.0
2330	2336	0.0
2331	2622	0.0
2332	2293	0.0
2333	2767	0.0
2334	2384	0.0
2335	2434	0.0
2336	2407	0.0
2337	2043	0.0
2338	2199	0.0
2339	2596	0.0
2340	2383	0.0
2341	2484	0.0
2342	2122	0.0
2343	2366	0.0
2344	2179	0.0
2345	2347	0.0
2346	2146	0.0
2347	2329	0.0
2348	2461	0.0
2349	2532	0.0
2350	2239	0.0
2351	2103	0.0
2352	2371	0.0
2353	2562	0.0
2354	2501	0.0
2355	2172	0.0
2356	2607	0.0
2357	2315	0.0
2358	2130	0.0
2359	2391	0.0
2360	2433	0.0
2361	2541	0.0
2362	2405	0.0
2363	1894	0.0
2364	2514	0.0
2365	2070	0.0
2366	2488	0.0
2367	2351	0.0
2368	2755	0.0
2369	2891	0.0
2370	2504	0.0
2371	2452	0.0
2372	2557	0.0
2373	2379	0.0
2374	1475	0.0
2375	2812	0.0
2376	2304	0.0
2377	2377	0.0
2378	2285	0.0
2379	2281	0.0
2380	2197	0.0
2381	2535	0.0
2382	2406	0.0
2383	2497	0.0
2384	2254	0.0
2385	2395	0.0
2386	2475	0.0
2387	2368	0.0
2388	2320	0.0
2389	2564	0.0
2390	2369	0.0
2391	2457	0.0
2392	2570	0.0
2393	2471	0.0
2394	2650	0.0
2395	2331	0.0
2396	2411	0.0
2397	2307	0.0
2398	2349	0.0
2399	2726	0.0
2400	2133	0.0
2401	2110	0.0
2402	2429	0.0
2403	2478	0.0
2404	2807	0.0
2405	1913	0.0
2406	2294	0.0
2407	2414	0.0
2408	1851	0.0
2409	2426	0.0
2410	2612	0.0
2411	2275	0.0
2412	2289	0.0
2413	2428	0.0
2414	2517	0.0
2415	2534	0.0
2416	2544	0.0
2417	2579	0.0
2418	2605	0.0
2419	2161	0.0
2420	2586	0.0
2421	2388	0.0
2422	2578	0.0
2423	2359	0.0
2424	2310	0.0
2425	2511	0.0
2426	2584	0.0
2427	2556	0.0
2428	2539	0.0
2429	2232	0.0
2430	2442	0.0
2431	2297	0.0
2432	2240	0.0
2433	2410	0.0
2434	2459	0.0
2435	2422	0.0
2436	2483	0.0
2437	2353	0.0
2438	2507	0.0
2439	2538	0.0
2440	2710	0.0
2441	2363	0.0
2442	2546	0.0
2443	2436	0.0
2444	2295	0.0
2445	2332	0.0
2446	2325	0.0
2447	2558	0.0
2448	2502	0.0
2449	2494	0.0
2450	2233	0.0
2451	2593	0.0
2452	2217	0.0
2453	2805	0.0
2454	2226	0.0
2455	2328	0.0
2456	2162	0.0
2457	2629	0.0
2458	2533	0.0
2459	2446	0.0
2460	2749	0.0
2461	2491	0.0
2462	2394	0.0
2463	2291	0.0
2464	2630	0.0
2465	2702	0.0
2466	2626	0.0
2467	2480	0.0
2468	2528	0.0
2469	2610	0.0
2470	2174	0.0
2471	2267	0.0
2472	2513	0.0
2473	2402	0.0
2474	2977	0.0
2475	2583	0.0
2476	2621	0.0
2477	2560	0.0
2478	2397	0.0
2479	2588	0.0
2480	2437	0.0
2481	2419	0.0
2482	2367	0.0
2483	2178	0.0
2484	2374	0.0
2485	2614	0.0
2486	2577	0.0
2487	2439	0.0
2488	2687	0.0
2489	2603	0.0
2490	2634	0.0
2491	2604	0.0
2492	2567	0.0
2493	2218	0.0
2494	2324	0.0
2495	2485	0.0
2496	2813	0.0
2497	2529	0.0
2498	2227	0.0
2499	2566	0.0
2500	2071	0.0
2501	2674	0.0
2502	2747	0.0
2503	2476	0.0
2504	2641	0.0
2505	2322	0.0
2506	2231	0.0
2507	2424	0.0
2508	2256	0.0
2509	2283	0.0
2510	2638	0.0
2511	2444	0.0
2512	2787	0.0
2513	2547	0.0
2514	2522	0.0
2515	2155	0.0
2516	2259	0.0
2517	2615	0.0
2518	2531	0.0
2519	2412	0.0
2520	2743	0.0
2521	2399	0.0
2522	2186	0.0
2523	2520	0.0
2524	2568	0.0
2525	2373	0.0
2526	2572	0.0
2527	2625	0.0
2528	2691	0.0
2529	2404	0.0
2530	2456	0.0
2531	2423	0.0
2532	2288	0.0
2533	2890	0.0
2534	2565	0.0
2535	2619	0.0
2536	2468	0.0
2537	2440	0.0
2538	2550	0.0
2539	2637	0.0
2540	2506	0.0
2541	2652	0.0
2542	2863	0.0
2543	2339	0.0
2544	2893	0.0
2545	2563	0.0
2546	2707	0.0
2547	2416	0.0
2548	2582	0.0
2549	2542	0.0
2550	2425	0.0
2551	3154	0.0
2552	2460	0.0
2553	2465	0.0
2554	2309	0.0
2555	2470	0.0
2556	2361	0.0
2557	2648	0.0
2558	2287	0.0
2559	2356	0.0
2560	2537	0.0
2561	2598	0.0
2562	2435	0.0
2563	2228	0.0
2564	2515	0.0
2565	2450	0.0
2566	2664	0.0
2567	2553	0.0
2568	2591	0.0
2569	2569	0.0
2570	2143	0.0
2571	2590	0.0
2572	2561	0.0
2573	2346	0.0
2574	2717	0.0
2575	2601	0.0
2576	2271	0.0
2577	2695	0.0
2578	2679	0.0
2579	2135	0.0
2580	2280	0.0
2581	2490	0.0
2582	2525	0.0
2583	2706	0.0
2584	2606	0.0
2585	2816	0.0
2586	2832	0.0
2587	2493	0.0
2588	2486	0.0
2589	2523	0.0
2590	2223	0.0
2591	2498	0.0
2592	2466	0.0
2593	2417	0.0
2594	2646	0.0
2595	2571	0.0
2596	2602	0.0
2597	2597	0.0
2598	2639	0.0
2599	2421	0.0
2600	2473	0.0
2601	2684	0.0
2602	2387	0.0
2603	2770	0.0
2604	2575	0.0
2605	2727	0.0
2606	2360	0.0
2607	2518	0.0
2608	2729	0.0
2609	2443	0.0
2610	2716	0.0
2611	2757	0.0
2612	2636	0.0
2613	2503	0.0
2614	2464	0.0
2615	2681	0.0
2616	2693	0.0
2617	2551	0.0
2618	2499	0.0
2619	2939	0.0
2620	2873	0.0
2621	2776	0.0
2622	2675	0.0
2623	2555	0.0
2624	2455	0.0
2625	2667	0.0
2626	2508	0.0
2627	2821	0.0
2628	2645	0.0
2629	2949	0.0
2630	2380	0.0
2631	2959	0.0
2632	2617	0.0
2633	2358	0.0
2634	2477	0.0
2635	2321	0.0
2636	2587	0.0
2637	2644	0.0
2638	2742	0.0
2639	2795	0.0
2640	2594	0.0
2641	2338	0.0
2642	2756	0.0
2643	2420	0.0
2644	2947	0.0
2645	2766	0.0
2646	2519	0.0
2647	2809	0.0
2648	2640	0.0
2649	2631	0.0
2650	2711	0.0
2651	2540	0.0
2652	2543	0.0
2653	2900	0.0
2654	2794	0.0
2655	2438	0.0
2656	2487	0.0
2657	2720	0.0
2658	2662	0.0
2659	2889	0.0
2660	2668	0.0
2661	2731	0.0
2662	2745	0.0
2663	2656	0.0
2664	2308	0.0
2665	2797	0.0
2666	2831	0.0
2667	2676	0.0
2668	2618	0.0
2669	2660	0.0
2670	2661	0.0
2671	2225	0.0
2672	2826	0.0
2673	2589	0.0
2674	2999	0.0
2675	2851	0.0
2676	2672	0.0
2677	2689	0.0
2678	2673	0.0
2679	2482	0.0
2680	2792	0.0
2681	2348	0.0
2682	2505	0.0
2683	2469	0.0
2684	2969	0.0
2685	2904	0.0
2686	3100	0.0
2687	2986	0.0
2688	3012	0.0
2689	2608	0.0
2690	3015	0.0
2691	2955	0.0
2692	2666	0.0
2693	2581	0.0
2694	2545	0.0
2695	2948	0.0
2696	2613	0.0
2697	2752	0.0
2698	2682	0.0
2699	2376	0.0
2700	2740	0.0
2701	2699	0.0
2702	2871	0.0
2703	2765	0.0
2704	2536	0.0
2705	2445	0.0
2706	2600	0.0
2707	2642	0.0
2708	2334	0.0
2709	2721	0.0
2710	2754	0.0
2711	2628	0.0
2712	2779	0.0
2713	2823	0.0
2714	2782	0.0
2715	2788	0.0
2716	2894	0.0
2717	2574	0.0
2718	3227	0.0
2719	2592	0.0
2720	2375	0.0
2721	2688	0.0
2722	2880	0.0
2723	2837	0.0
2724	2762	0.0
2725	2595	0.0
2726	2815	0.0
2727	2868	0.0
2728	2804	0.0
2729	2852	0.0
2730	2866	0.0
2731	2449	0.0
2732	2819	0.0
2733	2680	0.0
2734	2841	0.0
2735	2895	0.0
2736	2725	0.0
2737	2846	0.0
2738	2415	0.0
2739	2559	0.0
2740	2824	0.0
2741	2785	0.0
2742	2912	0.0
2743	2842	0.0
2744	2769	0.0
2745	2772	0.0
2746	3275	0.0
2747	2649	0.0
2748	2758	0.0
2749	2512	0.0
2750	2624	0.0
2751	2777	0.0
2752	2685	0.0
2753	2898	0.0
2754	2811	0.0
2755	2735	0.0
2756	2738	0.0
2757	2657	0.0
2758	2479	0.0
2759	2510	0.0
2760	2918	0.0
2761	2709	0.0
2762	2658	0.0
2763	2869	0.0
2764	2913	0.0
2765	2793	0.0
2766	2775	0.0
2767	2920	0.0
2768	2690	0.0
2769	2822	0.0
2770	2665	0.0
2771	2633	0.0
2772	2789	0.0
2773	2724	0.0
2774	2980	0.0
2775	2885	0.0
2776	2730	0.0
2777	2530	0.0
2778	3127	0.0
2779	2723	0.0
2780	2708	0.0
2781	2763	0.0
2782	2448	0.0
2783	3177	0.0
2784	2576	0.0
2785	2780	0.0
2786	2746	0.0
2787	2701	0.0
2788	2872	0.0
2789	2454	0.0
2790	2876	0.0
2791	2663	0.0
2792	3083	0.0
2793	2834	0.0
2794	2489	0.0
2795	2697	0.0
2796	3020	0.0
2797	2990	0.0
2798	2732	0.0
2799	2703	0.0
2800	3094	0.0
2801	2705	0.0
2802	2611	0.0
2803	2845	0.0
2804	2835	0.0
2805	2764	0.0
2806	3168	0.0
2807	2923	0.0
2808	2616	0.0
2809	2458	0.0
2810	2609	0.0
2811	2860	0.0
2812	2744	0.0
2813	2905	0.0
2814	2580	0.0
2815	2829	0.0
2816	2643	0.0
2817	2828	0.0
2818	2669	0.0
2819	2843	0.0
2820	2748	0.0
2821	2761	0.0
2822	2820	0.0
2823	2803	0.0
2824	2712	0.0
2825	3010	0.0
2826	2975	0.0
2827	3157	0.0
2828	2849	0.0
2829	2398	0.0
2830	3242	0.0
2831	2472	0.0
2832	2774	0.0
2833	2929	0.0
2834	2627	0.0
2835	2751	0.0
2836	2741	0.0
2837	3164	0.0
2838	2781	0.0
2839	3097	0.0
2840	2651	0.0
2841	3108	0.0
2842	2847	0.0
2843	2737	0.0
2844	2698	0.0
2845	2844	0.0
2846	2931	0.0
2847	2778	0.0
2848	3026	0.0
2849	3021	0.0
2850	2718	0.0
2851	2937	0.0
2852	2500	0.0
2853	3007	0.0
2854	3348	0.0
2855	2979	0.0
2856	2635	0.0
2857	3290	0.0
2858	2858	0.0
2859	3273	0.0
2860	2988	0.0
2861	2783	0.0
2862	2938	0.0
2863	2877	0.0
2864	2704	0.0
2865	3045	0.0
2866	2976	0.0
2867	2963	0.0
2868	2974	0.0
2869	2961	0.0
2870	2855	0.0
2871	2734	0.0
2872	2862	0.0
2873	2901	0.0
2874	2934	0.0
2875	2215	0.0
2876	2925	0.0
2877	2760	0.0
2878	2924	0.0
2879	2839	0.0
2880	3103	0.0
2881	3028	0.0
2882	2932	0.0
2883	2722	0.0
2884	3073	0.0
2885	2786	0.0
2886	2678	0.0
2887	2677	0.0
2888	2771	0.0
2889	2982	0.0
2890	2936	0.0
2891	3057	0.0
2892	3158	0.0
2893	3019	0.0
2894	2686	0.0
2895	2838	0.0
2896	3050	0.0
2897	2527	0.0
2898	3005	0.0
2899	2944	0.0
2900	2998	0.0
2901	2654	0.0
2902	2620	0.0
2903	3130	0.0
2904	2916	0.0
2905	2696	0.0
2906	3161	0.0
2907	3032	0.0
2908	2773	0.0
2909	3190	0.0
2910	2801	0.0
2911	2853	0.0
2912	2714	0.0
2913	2997	0.0
2914	3048	0.0
2915	2928	0.0
2916	2940	0.0
2917	3036	0.0
2918	3122	0.0
2919	2671	0.0
2920	3324	0.0
2921	3051	0.0
2922	2984	0.0
2923	2733	0.0
2924	3305	0.0
2925	2879	0.0
2926	2840	0.0
2927	2945	0.0
2928	2935	0.0
2929	2719	0.0
2930	3193	0.0
2931	3115	0.0
2932	2907	0.0
2933	2728	0.0
2934	3037	0.0
2935	2899	0.0
2936	3016	0.0
2937	3261	0.0
2938	2850	0.0
2939	2713	0.0
2940	2864	0.0
2941	3049	0.0
2942	3011	0.0
2943	2830	0.0
2944	3054	0.0
2945	2865	0.0
2946	2957	0.0
2947	2881	0.0
2948	3004	0.0
2949	3172	0.0
2950	3025	0.0
2951	2836	0.0
2952	3064	0.0
2953	2753	0.0
2954	3003	0.0
2955	2996	0.0
2956	2902	0.0
2957	3095	0.0
2958	2995	0.0
2959	2946	0.0
2960	3371	0.0
2961	2908	0.0
2962	3034	0.0
2963	2739	0.0
2964	3076	0.0
2965	2389	0.0
2966	3008	0.0
2967	2818	0.0
2968	2833	0.0
2969	2798	0.0
2970	2985	0.0
2971	3000	0.0
2972	2897	0.0
2973	2802	0.0
2974	2736	0.0
2975	2973	0.0
2976	2883	0.0
2977	3573	0.0
2978	2972	0.0
2979	3055	0.0
2980	2859	0.0
2981	2870	0.0
2982	2970	0.0
2983	3223	0.0
2984	2694	0.0
2985	3022	0.0
2986	3147	0.0
2987	2930	0.0
2988	3232	0.0
2989	3126	0.0
2990	2921	0.0
2991	3089	0.0
2992	3031	0.0
2993	2926	0.0
2994	2632	0.0
2995	2857	0.0
2996	2965	0.0
2997	2892	0.0
2998	2791	0.0
2999	2943	0.0
3000	2623	0.0
3001	3065	0.0
3002	2882	0.0
3003	3225	0.0
3004	3093	0.0
3005	2653	0.0
3006	3041	0.0
3007	3014	0.0
3008	2784	0.0
3009	2971	0.0
3010	2856	0.0
3011	2933	0.0
3012	2810	0.0
3013	2915	0.0
3014	3018	0.0
3015	2585	0.0
3016	3160	0.0
3017	2941	0.0
3018	2927	0.0
3019	3197	0.0
3020	3062	0.0
3021	2968	0.0
3022	3430	0.0
3023	3013	0.0
3024	2808	0.0
3025	2906	0.0
3026	2670	0.0
3027	2814	0.0
3028	2790	0.0
3029	3233	0.0
3030	3536	0.0
3031	3090	0.0
3032	2875	0.0
3033	3024	0.0
3034	3143	0.0
3035	3132	0.0
3036	3155	0.0
3037	2910	0.0
3038	2715	0.0
3039	2917	0.0
3040	2991	0.0
3041	2956	0.0
3042	3131	0.0
3043	2983	0.0
3044	2817	0.0
3045	2874	0.0
3046	3102	0.0
3047	2952	0.0
3048	3163	0.0
3049	3204	0.0
3050	3009	0.0
3051	2950	0.0
3052	3345	0.0
3053	3245	0.0
3054	3281	0.0
3055	3258	0.0
3056	3124	0.0
3057	3336	0.0
3058	3075	0.0
3059	3363	0.0
3060	2981	0.0
3061	3179	0.0
3062	3185	0.0
3063	3072	0.0
3064	2909	0.0
3065	3043	0.0
3066	3053	0.0
3067	3262	0.0
3068	3099	0.0
3069	2825	0.0
3070	3128	0.0
3071	3114	0.0
3072	3140	0.0
3073	2942	0.0
3074	3144	0.0
3075	3133	0.0
3076	3109	0.0
3077	3046	0.0
3078	2799	0.0
3079	3259	0.0
3080	3427	0.0
3081	3555	0.0
3082	3092	0.0
3083	3200	0.0
3084	3182	0.0
3085	3248	0.0
3086	3002	0.0
3087	3058	0.0
3088	2655	0.0
3089	2993	0.0
3090	3173	0.0
3091	3039	0.0
3092	3174	0.0
3093	3052	0.0
3094	2964	0.0
3095	3166	0.0
3096	3194	0.0
3097	2966	0.0
3098	2884	0.0
3099	3307	0.0
3100	3153	0.0
3101	3038	0.0
3102	3180	0.0
3103	3159	0.0
3104	3096	0.0
3105	3023	0.0
3106	3175	0.0
3107	2750	0.0
3108	3066	0.0
3109	3532	0.0
3110	3300	0.0
3111	3151	0.0
3112	3213	0.0
3113	2759	0.0
3114	3077	0.0
3115	3120	0.0
3116	3033	0.0
3117	2848	0.0
3118	3059	0.0
3119	2919	0.0
3120	2683	0.0
3121	3251	0.0
3122	3257	0.0
3123	2960	0.0
3124	2692	0.0
3125	2548	0.0
3126	3063	0.0
3127	2994	0.0
3128	3105	0.0
3129	3165	0.0
3130	3098	0.0
3131	3205	0.0
3132	3061	0.0
3133	2896	0.0
3134	3236	0.0
3135	3171	0.0
3136	3366	0.0
3137	2903	0.0
3138	2914	0.0
3139	3084	0.0
3140	3294	0.0
3141	3356	0.0
3142	2987	0.0
3143	3234	0.0
3144	3237	0.0
3145	3101	0.0
3146	2958	0.0
3147	3216	0.0
3148	3001	0.0
3149	2992	0.0
3150	3191	0.0
3151	3081	0.0
3152	2962	0.0
3153	2978	0.0
3154	2867	0.0
3155	3170	0.0
3156	3106	0.0
3157	3217	0.0
3158	2878	0.0
3159	3591	0.0
3160	3316	0.0
3161	3282	0.0
3162	3435	0.0
3163	3335	0.0
3164	3543	0.0
3165	3189	0.0
3166	3226	0.0
3167	3091	0.0
3168	3218	0.0
3169	3220	0.0
3170	3274	0.0
3171	3253	0.0
3172	3434	0.0
3173	2911	0.0
3174	2967	0.0
3175	3086	0.0
3176	3029	0.0
3177	3304	0.0
3178	3123	0.0
3179	3080	0.0
3180	3148	0.0
3181	3030	0.0
3182	3321	0.0
3183	3134	0.0
3184	3070	0.0
3185	3222	0.0
3186	3254	0.0
3187	3074	0.0
3188	3491	0.0
3189	3298	0.0
3190	3354	0.0
3191	2886	0.0
3192	3060	0.0
3193	2806	0.0
3194	3297	0.0
3195	3388	0.0
3196	3263	0.0
3197	3467	0.0
3198	3146	0.0
3199	3400	0.0
3200	3360	0.0
3201	2768	0.0
3202	3137	0.0
3203	3104	0.0
3204	3229	0.0
3205	3067	0.0
3206	3138	0.0
3207	3183	0.0
3208	3188	0.0
3209	3272	0.0
3210	3302	0.0
3211	3295	0.0
3212	3056	0.0
3213	3340	0.0
3214	3408	0.0
3215	3027	0.0
3216	3292	0.0
3217	3260	0.0
3218	3243	0.0
3219	3042	0.0
3220	3386	0.0
3221	3198	0.0
3222	3085	0.0
3223	3047	0.0
3224	3278	0.0
3225	4069	0.0
3226	3135	0.0
3227	3289	0.0
3228	3308	0.0
3229	3293	0.0
3230	3311	0.0
3231	3221	0.0
3232	3241	0.0
3233	3429	0.0
3234	3119	0.0
3235	3228	0.0
3236	3201	0.0
3237	3079	0.0
3238	3184	0.0
3239	3520	0.0
3240	3480	0.0
3241	3142	0.0
3242	3303	0.0
3243	3195	0.0
3244	3235	0.0
3245	3149	0.0
3246	3152	0.0
3247	3250	0.0
3248	3552	0.0
3249	3328	0.0
3250	3040	0.0
3251	3588	0.0
3252	3187	0.0
3253	3355	0.0
3254	3176	0.0
3255	3088	0.0
3256	3283	0.0
3257	3017	0.0
3258	3347	0.0
3259	3329	0.0
3260	3268	0.0
3261	3440	0.0
3262	3117	0.0
3263	3116	0.0
3264	3633	0.0
3265	3426	0.0
3266	3399	0.0
3267	3207	0.0
3268	3279	0.0
3269	3479	0.0
3270	3071	0.0
3271	2861	0.0
3272	3107	0.0
3273	3264	0.0
3274	3111	0.0
3275	3212	0.0
3276	2887	0.0
3277	2800	0.0
3278	3315	0.0
3279	3169	0.0
3280	3210	0.0
3281	3252	0.0
3282	3178	0.0
3283	3006	0.0
3284	3203	0.0
3285	3526	0.0
3286	3339	0.0
3287	3238	0.0
3288	3352	0.0
3289	3735	0.0
3290	3383	0.0
3291	3326	0.0
3292	3503	0.0
3293	3314	0.0
3294	3338	0.0
3295	3330	0.0
3296	3546	0.0
3297	3606	0.0
3298	3410	0.0
3299	3265	0.0
3300	3320	0.0
3301	3209	0.0
3302	2796	0.0
3303	3121	0.0
3304	3244	0.0
3305	3675	0.0
3306	3428	0.0
3307	3446	0.0
3308	3404	0.0
3309	3519	0.0
3310	3636	0.0
3311	3512	0.0
3312	3468	0.0
3313	3301	0.0
3314	3167	0.0
3315	3309	0.0
3316	3208	0.0
3317	3299	0.0
3318	3196	0.0
3319	3374	0.0
3320	3375	0.0
3321	3136	0.0
3322	3240	0.0
3323	3231	0.0
3324	2954	0.0
3325	3393	0.0
3326	3318	0.0
3327	3296	0.0
3328	3270	0.0
3329	3035	0.0
3330	3156	0.0
3331	3469	0.0
3332	3288	0.0
3333	3150	0.0
3334	2951	0.0
3335	3186	0.0
3336	3424	0.0
3337	3078	0.0
3338	3291	0.0
3339	3082	0.0
3340	3459	0.0
3341	3341	0.0
3342	3125	0.0
3343	3706	0.0
3344	3560	0.0
3345	3317	0.0
3346	3578	0.0
3347	3457	0.0
3348	3343	0.0
3349	3470	0.0
3350	3413	0.0
3351	3351	0.0
3352	3380	0.0
3353	3507	0.0
3354	3502	0.0
3355	3239	0.0
3356	3748	0.0
3357	3202	0.0
3358	3230	0.0
3359	3493	0.0
3360	3313	0.0
3361	3539	0.0
3362	2854	0.0
3363	2953	0.0
3364	3396	0.0
3365	3368	0.0
3366	3602	0.0
3367	3389	0.0
3368	3445	0.0
3369	3367	0.0
3370	3567	0.0
3371	3214	0.0
3372	3522	0.0
3373	3206	0.0
3374	3113	0.0
3375	3451	0.0
3376	3310	0.0
3377	3162	0.0
3378	3286	0.0
3379	3333	0.0
3380	3247	0.0
3381	3647	0.0
3382	3541	0.0
3383	3211	0.0
3384	3438	0.0
3385	3322	0.0
3386	3378	0.0
3387	3615	0.0
3388	3632	0.0
3389	3357	0.0
3390	3778	0.0
3391	3617	0.0
3392	3337	0.0
3393	3332	0.0
3394	3256	0.0
3395	3359	0.0
3396	3508	0.0
3397	3681	0.0
3398	3613	0.0
3399	3456	0.0
3400	3350	0.0
3401	3287	0.0
3402	3068	0.0
3403	3118	0.0
3404	3145	0.0
3405	3387	0.0
3406	3566	0.0
3407	3379	0.0
3408	3394	0.0
3409	3390	0.0
3410	3419	0.0
3411	3358	0.0
3412	3284	0.0
3413	3381	0.0
3414	3455	0.0
3415	3271	0.0
3416	3589	0.0
3417	3659	0.0
3418	3402	0.0
3419	3690	0.0
3420	3475	0.0
3421	3418	0.0
3422	3425	0.0
3423	3266	0.0
3424	3517	0.0
3425	3590	0.0
3426	3372	0.0
3427	3644	0.0
3428	3527	0.0
3429	3369	0.0
3430	3707	0.0
3431	3443	0.0
3432	3814	0.0
3433	3582	0.0
3434	3564	0.0
3435	3547	0.0
3436	3495	0.0
3437	3412	0.0
3438	3181	0.0
3439	3044	0.0
3440	3255	0.0
3441	3397	0.0
3442	3489	0.0
3443	3565	0.0
3444	3398	0.0
3445	3370	0.0
3446	3249	0.0
3447	3420	0.0
3448	3600	0.0
3449	3518	0.0
3450	3895	0.0
3451	3277	0.0
3452	3646	0.0
3453	3482	0.0
3454	3365	0.0
3455	3548	0.0
3456	3199	0.0
3457	3276	0.0
3458	3346	0.0
3459	3377	0.0
3460	3610	0.0
3461	3463	0.0
3462	3643	0.0
3463	3280	0.0
3464	3671	0.0
3465	3529	0.0
3466	3141	0.0
3467	3334	0.0
3468	3353	0.0
3469	3597	0.0
3470	3516	0.0
3471	3700	0.0
3472	3415	0.0
3473	3414	0.0
3474	3534	0.0
3475	3139	0.0
3476	3384	0.0
3477	3500	0.0
3478	3640	0.0
3479	3621	0.0
3480	3478	0.0
3481	3486	0.0
3482	3405	0.0
3483	3524	0.0
3484	3219	0.0
3485	3569	0.0
3486	3525	0.0
3487	3312	0.0
3488	3689	0.0
3489	3577	0.0
3490	3421	0.0
3491	3453	0.0
3492	3192	0.0
3493	3454	0.0
3494	3382	0.0
3495	3403	0.0
3496	3331	0.0
3497	3596	0.0
3498	3462	0.0
3499	3698	0.0
3500	3775	0.0
3501	3550	0.0
3502	3327	0.0
3503	3385	0.0
3504	3267	0.0
3505	3069	0.0
3506	3586	0.0
3507	3544	0.0
3508	3661	0.0
3509	3514	0.0
3510	3598	0.0
3511	3422	0.0
3512	3285	0.0
3513	3579	0.0
3514	3827	0.0
3515	3407	0.0
3516	2989	0.0
3517	3450	0.0
3518	3673	0.0
3519	3809	0.0
3520	3549	0.0
3521	3442	0.0
3522	3729	0.0
3523	3786	0.0
3524	3670	0.0
3525	3087	0.0
3526	3433	0.0
3527	3530	0.0
3528	4015	0.0
3529	3509	0.0
3530	3595	0.0
3531	3575	0.0
3532	3373	0.0
3533	3634	0.0
3534	3504	0.0
3535	3432	0.0
3536	3695	0.0
3537	3481	0.0
3538	3531	0.0
3539	3411	0.0
3540	3444	0.0
3541	3319	0.0
3542	3447	0.0
3543	3563	0.0
3544	3535	0.0
3545	4080	0.0
3546	3580	0.0
3547	3587	0.0
3548	3692	0.0
3549	3391	0.0
3550	3494	0.0
3551	3513	0.0
3552	3409	0.0
3553	3361	0.0
3554	3758	0.0
3555	3465	0.0
3556	3877	0.0
3557	3863	0.0
3558	3488	0.0
3559	3765	0.0
3560	3574	0.0
3561	3269	0.0
3562	3417	0.0
3563	3515	0.0
3564	3769	0.0
3565	3496	0.0
3566	3490	0.0
3567	3416	0.0
3568	3759	0.0
3569	3594	0.0
3570	3521	0.0
3571	3691	0.0
3572	3559	0.0
3573	3342	0.0
3574	3129	0.0
3575	3461	0.0
3576	3344	0.0
3577	3862	0.0
3578	3658	0.0
3579	3449	0.0
3580	3497	0.0
3581	3772	0.0
3582	3834	0.0
3583	3981	0.0
3584	3551	0.0
3585	3406	0.0
3586	3630	0.0
3587	3860	0.0
3588	3542	0.0
3589	3665	0.0
3590	3651	0.0
3591	3738	0.0
3592	3628	0.0
3593	3997	0.0
3594	3605	0.0
3595	3556	0.0
3596	3822	0.0
3597	4000	0.0
3598	3849	0.0
3599	3684	0.0
3600	3612	0.0
3601	3688	0.0
3602	3637	0.0
3603	3653	0.0
3604	3676	0.0
3605	3554	0.0
3606	3669	0.0
3607	3460	0.0
3608	3750	0.0
3609	3448	0.0
3610	3650	0.0
3611	3533	0.0
3612	3649	0.0
3613	3568	0.0
3614	3800	0.0
3615	4195	0.0
3616	3485	0.0
3617	3743	0.0
3618	3583	0.0
3619	3584	0.0
3620	3437	0.0
3621	3523	0.0
3622	3439	0.0
3623	3483	0.0
3624	3740	0.0
3625	3768	0.0
3626	3880	0.0
3627	3501	0.0
3628	3362	0.0
3629	3498	0.0
3630	3246	0.0
3631	3761	0.0
3632	3629	0.0
3633	3635	0.0
3634	3570	0.0
3635	3492	0.0
3636	3864	0.0
3637	3619	0.0
3638	3571	0.0
3639	3510	0.0
3640	3813	0.0
3641	3657	0.0
3642	3215	0.0
3643	3553	0.0
3644	3436	0.0
3645	3323	0.0
3646	3747	0.0
3647	3680	0.0
3648	3682	0.0
3649	3873	0.0
3650	3858	0.0
3651	3724	0.0
3652	3642	0.0
3653	3464	0.0
3654	3885	0.0
3655	3789	0.0
3656	3937	0.0
3657	3745	0.0
3658	3608	0.0
3659	3641	0.0
3660	3788	0.0
3661	3762	0.0
3662	3401	0.0
3663	3511	0.0
3664	3392	0.0
3665	3945	0.0
3666	3897	0.0
3667	3950	0.0
3668	4164	0.0
3669	3499	0.0
3670	3767	0.0
3671	3376	0.0
3672	3672	0.0
3673	3678	0.0
3674	3471	0.0
3675	3687	0.0
3676	3638	0.0
3677	3749	0.0
3678	3557	0.0
3679	3581	0.0
3680	3723	0.0
3681	3704	0.0
3682	3663	0.0
3683	3660	0.0
3684	3528	0.0
3685	3693	0.0
3686	3477	0.0
3687	3423	0.0
3688	3722	0.0
3689	3941	0.0
3690	3710	0.0
3691	3891	0.0
3692	3902	0.0
3693	3685	0.0
3694	3611	0.0
3695	3349	0.0
3696	3940	0.0
3697	3697	0.0
3698	3923	0.0
3699	3751	0.0
3700	3882	0.0
3701	3794	0.0
3702	3727	0.0
3703	3703	0.0
3704	4025	0.0
3705	3931	0.0
3706	3472	0.0
3707	3487	0.0
3708	3458	0.0
3709	3639	0.0
3710	3728	0.0
3711	3954	0.0
3712	3607	0.0
3713	3652	0.0
3714	3828	0.0
3715	3112	0.0
3716	3889	0.0
3717	3614	0.0
3718	3325	0.0
3719	3754	0.0
3720	4181	0.0
3721	3623	0.0
3722	3599	0.0
3723	3431	0.0
3724	3918	0.0
3725	3851	0.0
3726	3791	0.0
3727	3852	0.0
3728	3709	0.0
3729	3696	0.0
3730	3306	0.0
3731	3907	0.0
3732	3755	0.0
3733	3982	0.0
3734	3753	0.0
3735	3819	0.0
3736	3662	0.0
3737	3763	0.0
3738	3876	0.0
3739	3624	0.0
3740	3883	0.0
3741	4020	0.0
3742	3956	0.0
3743	3545	0.0
3744	3631	0.0
3745	3816	0.0
3746	4131	0.0
3747	3627	0.0
3748	4014	0.0
3749	3585	0.0
3750	3558	0.0
3751	3601	0.0
3752	3787	0.0
3753	3846	0.0
3754	3783	0.0
3755	3395	0.0
3756	4011	0.0
3757	3737	0.0
3758	3441	0.0
3759	3592	0.0
3760	3857	0.0
3761	3474	0.0
3762	3572	0.0
3763	3620	0.0
3764	3966	0.0
3765	3764	0.0
3766	3823	0.0
3767	3869	0.0
3768	3842	0.0
3769	3538	0.0
3770	3618	0.0
3771	3731	0.0
3772	3817	0.0
3773	3683	0.0
3774	4086	0.0
3775	3773	0.0
3776	3926	0.0
3777	3466	0.0
3778	3726	0.0
3779	3741	0.0
3780	3679	0.0
3781	3744	0.0
3782	4163	0.0
3783	3896	0.0
3784	3721	0.0
3785	3476	0.0
3786	3110	0.0
3787	3796	0.0
3788	3561	0.0
3789	3746	0.0
3790	3922	0.0
3791	3655	0.0
3792	4038	0.0
3793	3506	0.0
3794	3839	0.0
3795	3648	0.0
3796	3881	0.0
3797	3820	0.0
3798	3645	0.0
3799	3473	0.0
3800	3757	0.0
3801	3654	0.0
3802	3625	0.0
3803	3616	0.0
3804	3717	0.0
3805	3886	0.0
3806	3872	0.0
3807	3742	0.0
3808	3562	0.0
3809	3913	0.0
3810	3884	0.0
3811	3716	0.0
3812	3938	0.0
3813	3609	0.0
3814	3720	0.0
3815	3845	0.0
3816	3792	0.0
3817	3603	0.0
3818	3932	0.0
3819	3733	0.0
3820	3905	0.0
3821	3979	0.0
3822	4210	0.0
3823	3604	0.0
3824	3793	0.0
3825	3718	0.0
3826	3771	0.0
3827	3977	0.0
3828	3892	0.0
3829	4008	0.0
3830	3713	0.0
3831	3878	0.0
3832	3719	0.0
3833	4205	0.0
3834	3974	0.0
3835	4130	0.0
3836	3829	0.0
3837	4123	0.0
3838	3856	0.0
3839	3756	0.0
3840	4019	0.0
3841	4049	0.0
3842	3811	0.0
3843	3785	0.0
3844	3705	0.0
3845	3766	0.0
3846	3947	0.0
3847	3836	0.0
3848	3505	0.0
3849	3861	0.0
3850	3576	0.0
3851	3917	0.0
3852	3887	0.0
3853	4088	0.0
3854	3847	0.0
3855	3784	0.0
3856	4026	0.0
3857	4010	0.0
3858	3664	0.0
3859	3903	0.0
3860	3871	0.0
3861	3537	0.0
3862	3712	0.0
3863	4122	0.0
3864	3831	0.0
3865	4113	0.0
3866	3715	0.0
3867	3666	0.0
3868	3622	0.0
3869	4112	0.0
3870	3790	0.0
3871	3867	0.0
3872	3837	0.0
3873	3702	0.0
3874	3916	0.0
3875	3711	0.0
3876	3802	0.0
3877	3797	0.0
3878	4078	0.0
3879	3910	0.0
3880	3780	0.0
3881	3908	0.0
3882	3971	0.0
3883	4253	0.0
3884	3801	0.0
3885	3795	0.0
3886	3779	0.0
3887	4234	0.0
3888	4154	0.0
3889	3835	0.0
3890	3364	0.0
3891	3853	0.0
3892	3776	0.0
3893	4108	0.0
3894	3799	0.0
3895	3906	0.0
3896	3996	0.0
3897	3870	0.0
3898	4095	0.0
3899	3833	0.0
3900	3734	0.0
3901	4013	0.0
3902	3898	0.0
3903	4198	0.0
3904	3928	0.0
3905	4061	0.0
3906	3992	0.0
3907	3807	0.0
3908	3781	0.0
3909	4091	0.0
3910	4001	0.0
3911	4269	0.0
3912	3782	0.0
3913	3484	0.0
3914	3626	0.0
3915	4360	0.0
3916	3868	0.0
3917	4082	0.0
3918	3774	0.0
3919	3725	0.0
3920	4018	0.0
3921	3899	0.0
3922	3848	0.0
3923	3714	0.0
3924	3973	0.0
3925	3667	0.0
3926	3914	0.0
3927	3963	0.0
3928	3976	0.0
3929	3840	0.0
3930	3998	0.0
3931	3893	0.0
3932	3850	0.0
3933	3994	0.0
3934	3955	0.0
3935	3874	0.0
3936	4209	0.0
3937	3656	0.0
3938	3821	0.0
3939	4115	0.0
3940	3752	0.0
3941	3983	0.0
3942	4404	0.0
3943	3970	0.0
3944	3736	0.0
3945	4033	0.0
3946	3969	0.0
3947	3815	0.0
3948	4255	0.0
3949	3909	0.0
3950	3912	0.0
3951	3805	0.0
3952	3843	0.0
3953	3961	0.0
3954	3841	0.0
3955	4377	0.0
3956	3875	0.0
3957	3995	0.0
3958	3911	0.0
3959	3921	0.0
3960	3825	0.0
3961	4021	0.0
3962	4204	0.0
3963	3962	0.0
3964	3934	0.0
3965	3959	0.0
3966	4224	0.0
3967	3915	0.0
3968	4676	0.0
3969	4073	0.0
3970	3888	0.0
3971	4055	0.0
3972	3925	0.0
3973	4127	0.0
3974	4045	0.0
3975	4005	0.0
3976	4136	0.0
3977	4079	0.0
3978	4058	0.0
3979	3701	0.0
3980	3927	0.0
3981	3866	0.0
3982	4144	0.0
3983	4265	0.0
3984	4315	0.0
3985	4124	0.0
3986	4145	0.0
3987	3694	0.0
3988	3942	0.0
3989	4007	0.0
3990	3830	0.0
3991	4053	0.0
3992	3686	0.0
3993	4003	0.0
3994	3760	0.0
3995	4278	0.0
3996	4071	0.0
3997	3919	0.0
3998	4012	0.0
3999	4097	0.0
4000	4337	0.0
4001	3924	0.0
4002	4068	0.0
4003	3944	0.0
4004	3732	0.0
4005	4272	0.0
4006	4370	0.0
4007	4111	0.0
4008	3806	0.0
4009	3739	0.0
4010	3964	0.0
4011	4030	0.0
4012	3708	0.0
4013	3824	0.0
4014	3935	0.0
4015	4186	0.0
4016	4291	0.0
4017	4009	0.0
4018	4032	0.0
4019	3936	0.0
4020	4184	0.0
4021	3770	0.0
4022	4139	0.0
4023	3832	0.0
4024	3803	0.0
4025	4087	0.0
4026	3818	0.0
4027	3855	0.0
4028	4106	0.0
4029	3593	0.0
4030	3986	0.0
4031	4391	0.0
4032	3991	0.0
4033	3674	0.0
4034	3798	0.0
4035	4126	0.0
4036	3957	0.0
4037	3933	0.0
4038	3904	0.0
4039	4167	0.0
4040	4120	0.0
4041	4050	0.0
4042	3859	0.0
4043	3890	0.0
4044	3812	0.0
4045	3865	0.0
4046	4029	0.0
4047	4042	0.0
4048	4150	0.0
4049	4327	0.0
4050	3972	0.0
4051	3953	0.0
4052	4110	0.0
4053	4153	0.0
4054	4002	0.0
4055	4085	0.0
4056	4137	0.0
4057	4056	0.0
4058	3975	0.0
4059	4017	0.0
4060	3985	0.0
4061	4593	0.0
4062	4134	0.0
4063	3993	0.0
4064	4027	0.0
4065	4024	0.0
4066	4107	0.0
4067	4090	0.0
4068	3452	0.0
4069	3987	0.0
4070	3968	0.0
4071	4146	0.0
4072	4223	0.0
4073	4093	0.0
4074	4522	0.0
4075	3668	0.0
4076	3804	0.0
4077	4367	0.0
4078	4307	0.0
4079	4226	0.0
4080	4100	0.0
4081	3894	0.0
4082	4415	0.0
4083	3988	0.0
4084	4054	0.0
4085	4083	0.0
4086	3920	0.0
4087	3900	0.0
4088	4022	0.0
4089	4244	0.0
4090	3960	0.0
4091	4119	0.0
4092	4156	0.0
4093	4242	0.0
4094	4375	0.0
4095	4158	0.0
4096	4302	0.0
4097	4389	0.0
4098	4268	0.0
4099	4216	0.0
4100	4041	0.0
4101	4066	0.0
4102	4076	0.0
4103	3730	0.0
4104	3929	0.0
4105	4240	0.0
4106	4328	0.0
4107	4046	0.0
4108	4006	0.0
4109	4245	0.0
4110	4064	0.0
4111	4185	0.0
4112	4133	0.0
4113	4052	0.0
4114	4228	0.0
4115	3777	0.0
4116	3952	0.0
4117	4023	0.0
4118	4170	0.0
4119	4072	0.0
4120	4393	0.0
4121	4196	0.0
4122	4096	0.0
4123	4132	0.0
4124	3946	0.0
4125	3990	0.0
4126	4306	0.0
4127	4161	0.0
4128	4060	0.0
4129	4193	0.0
4130	3699	0.0
4131	4039	0.0
4132	4098	0.0
4133	3826	0.0
4134	4229	0.0
4135	4160	0.0
4136	4412	0.0
4137	4212	0.0
4138	3810	0.0
4139	4237	0.0
4140	4031	0.0
4141	4034	0.0
4142	4059	0.0
4143	4037	0.0
4144	4454	0.0
4145	4065	0.0
4146	4116	0.0
4147	4206	0.0
4148	4771	0.0
4149	4191	0.0
4150	4502	0.0
4151	4035	0.0
4152	4516	0.0
4153	4084	0.0
4154	4304	0.0
4155	4296	0.0
4156	4236	0.0
4157	4267	0.0
4158	4218	0.0
4159	4067	0.0
4160	4171	0.0
4161	4102	0.0
4162	4666	0.0
4163	3879	0.0
4164	4109	0.0
4165	3939	0.0
4166	4279	0.0
4167	4141	0.0
4168	4062	0.0
4169	4423	0.0
4170	4288	0.0
4171	3540	0.0
4172	4305	0.0
4173	4208	0.0
4174	4323	0.0
4175	3989	0.0
4176	4390	0.0
4177	4036	0.0
4178	4081	0.0
4179	4365	0.0
4180	4070	0.0
4181	4157	0.0
4182	4118	0.0
4183	4194	0.0
4184	3677	0.0
4185	4362	0.0
4186	4129	0.0
4187	4241	0.0
4188	4043	0.0
4189	3930	0.0
4190	4057	0.0
4191	4219	0.0
4192	3999	0.0
4193	3958	0.0
4194	4104	0.0
4195	3948	0.0
4196	3984	0.0
4197	4044	0.0
4198	4239	0.0
4199	4258	0.0
4200	4313	0.0
4201	4135	0.0
4202	4276	0.0
4203	3951	0.0
4204	4051	0.0
4205	4151	0.0
4206	4074	0.0
4207	3967	0.0
4208	4094	0.0
4209	4121	0.0
4210	4376	0.0
4211	3980	0.0
4212	4286	0.0
4213	3943	0.0
4214	4325	0.0
4215	4092	0.0
4216	4125	0.0
4217	4271	0.0
4218	4211	0.0
4219	4308	0.0
4220	4509	0.0
4221	4369	0.0
4222	4162	0.0
4223	4152	0.0
4224	4366	0.0
4225	4166	0.0
4226	4213	0.0
4227	4690	0.0
4228	4322	0.0
4229	4192	0.0
4230	4410	0.0
4231	4275	0.0
4232	4142	0.0
4233	4355	0.0
4234	4282	0.0
4235	4199	0.0
4236	4334	0.0
4237	4147	0.0
4238	4270	0.0
4239	4075	0.0
4240	4592	0.0
4241	4264	0.0
4242	4395	0.0
4243	4227	0.0
4244	4174	0.0
4245	4281	0.0
4246	4287	0.0
4247	4063	0.0
4248	4250	0.0
4249	4756	0.0
4250	4383	0.0
4251	4430	0.0
4252	4438	0.0
4253	4424	0.0
4254	4414	0.0
4255	4190	0.0
4256	4336	0.0
4257	4183	0.0
4258	4177	0.0
4259	4320	0.0
4260	4203	0.0
4261	4148	0.0
4262	4225	0.0
4263	4425	0.0
4264	4165	0.0
4265	4179	0.0
4266	4202	0.0
4267	4235	0.0
4268	4178	0.0
4269	4292	0.0
4270	4309	0.0
4271	4173	0.0
4272	4188	0.0
4273	4047	0.0
4274	4143	0.0
4275	4482	0.0
4276	4280	0.0
4277	4273	0.0
4278	4243	0.0
4279	4363	0.0
4280	4303	0.0
4281	4248	0.0
4282	4538	0.0
4283	4496	0.0
4284	4262	0.0
4285	4247	0.0
4286	4301	0.0
4287	4155	0.0
4288	3949	0.0
4289	4028	0.0
4290	4249	0.0
4291	4159	0.0
4292	3978	0.0
4293	4317	0.0
4294	4347	0.0
4295	4416	0.0
4296	4324	0.0
4297	4479	0.0
4298	4558	0.0
4299	4426	0.0
4300	4471	0.0
4301	4615	0.0
4302	4016	0.0
4303	4299	0.0
4304	4200	0.0
4305	4319	0.0
4306	4378	0.0
4307	4168	0.0
4308	4175	0.0
4309	4207	0.0
4310	4257	0.0
4311	4254	0.0
4312	4233	0.0
4313	4645	0.0
4314	4671	0.0
4315	4040	0.0
4316	4353	0.0
4317	4201	0.0
4318	4140	0.0
4319	4458	0.0
4320	4846	0.0
4321	4310	0.0
4322	4537	0.0
4323	4182	0.0
4324	4321	0.0
4325	4428	0.0
4326	4446	0.0
4327	4491	0.0
4328	4433	0.0
4329	4443	0.0
4330	4259	0.0
4331	4128	0.0
4332	4105	0.0
4333	4252	0.0
4334	4421	0.0
4335	4508	0.0
4336	4354	0.0
4337	4077	0.0
4338	4329	0.0
4339	4346	0.0
4340	4392	0.0
4341	4409	0.0
4342	4187	0.0
4343	4312	0.0
4344	4274	0.0
4345	4435	0.0
4346	3808	0.0
4347	4565	0.0
4348	4261	0.0
4349	4388	0.0
4350	4453	0.0
4351	4138	0.0
4352	4169	0.0
4353	4340	0.0
4354	4585	0.0
4355	4180	0.0
4356	4419	0.0
4357	4614	0.0
4358	4578	0.0
4359	4089	0.0
4360	4330	0.0
4361	4386	0.0
4362	4463	0.0
4363	4230	0.0
4364	4246	0.0
4365	4256	0.0
4366	4222	0.0
4367	4350	0.0
4368	4172	0.0
4369	4314	0.0
4370	4332	0.0
4371	4295	0.0
4372	4575	0.0
4373	4457	0.0
4374	3854	0.0
4375	4519	0.0
4376	4374	0.0
4377	4232	0.0
4378	4197	0.0
4379	4380	0.0
4380	4394	0.0
4381	4231	0.0
4382	4189	0.0
4383	4685	0.0
4384	4856	0.0
4385	4533	0.0
4386	3838	0.0
4387	4214	0.0
4388	4364	0.0
4389	4349	0.0
4390	4497	0.0
4391	4284	0.0
4392	4495	0.0
4393	4501	0.0
4394	4487	0.0
4395	4440	0.0
4396	4373	0.0
4397	4403	0.0
4398	4221	0.0
4399	4335	0.0
4400	4341	0.0
4401	4699	0.0
4402	4405	0.0
4403	4103	0.0
4404	4368	0.0
4405	4708	0.0
4406	4217	0.0
4407	4535	0.0
4408	4358	0.0
4409	4379	0.0
4410	4436	0.0
4411	4387	0.0
4412	4444	0.0
4413	4351	0.0
4414	4338	0.0
4415	4467	0.0
4416	4418	0.0
4417	4294	0.0
4418	4117	0.0
4419	4413	0.0
4420	4588	0.0
4421	4251	0.0
4422	4101	0.0
4423	4342	0.0
4424	4099	0.0
4425	4359	0.0
4426	4629	0.0
4427	4447	0.0
4428	4736	0.0
4429	4702	0.0
4430	4589	0.0
4431	4599	0.0
4432	4476	0.0
4433	4333	0.0
4434	4300	0.0
4435	4361	0.0
4436	4553	0.0
4437	4529	0.0
4438	4318	0.0
4439	4408	0.0
4440	4489	0.0
4441	4114	0.0
4442	4612	0.0
4443	4480	0.0
4444	3901	0.0
4445	4577	0.0
4446	4590	0.0
4447	4343	0.0
4448	4260	0.0
4449	4263	0.0
4450	4500	0.0
4451	4600	0.0
4452	4331	0.0
4453	4602	0.0
4454	4583	0.0
4455	4703	0.0
4456	4407	0.0
4457	4289	0.0
4458	4398	0.0
4459	4475	0.0
4460	4530	0.0
4461	4448	0.0
4462	4400	0.0
4463	4551	0.0
4464	4384	0.0
4465	4705	0.0
4466	4504	0.0
4467	4004	0.0
4468	4462	0.0
4469	4486	0.0
4470	4506	0.0
4471	4518	0.0
4472	4540	0.0
4473	4399	0.0
4474	4562	0.0
4475	4277	0.0
4476	4371	0.0
4477	4290	0.0
4478	4532	0.0
4479	4536	0.0
4480	4048	0.0
4481	4517	0.0
4482	4895	0.0
4483	3844	0.0
4484	4566	0.0
4485	4621	0.0
4486	4434	0.0
4487	4723	0.0
4488	4712	0.0
4489	4673	0.0
4490	4220	1.0
4491	4687	0.0
4492	4293	0.0
4493	4604	0.0
4494	4552	0.0
4495	4215	0.0
4496	4422	0.0
4497	4572	0.0
4498	4459	0.0
4499	4633	0.0
4500	4541	0.0
4501	4420	0.0
4502	4560	0.0
4503	4785	0.0
4504	4427	0.0
4505	4613	0.0
4506	4316	0.0
4507	4493	0.0
4508	4431	0.0
4509	4539	0.0
4510	4451	0.0
4511	4696	0.0
4512	4843	0.0
4513	4684	0.0
4514	4544	0.0
4515	4700	0.0
4516	4649	0.0
4517	4466	0.0
4518	4397	0.0
4519	4631	0.0
4520	4579	0.0
4521	4611	0.0
4522	4584	0.0
4523	4648	0.0
4524	4385	0.0
4525	4778	0.0
4526	4598	0.0
4527	4445	0.0
4528	4844	0.0
4529	4596	0.0
4530	4339	0.0
4531	4542	0.0
4532	4561	0.0
4533	4432	0.0
4534	4298	0.0
4535	4348	0.0
4536	4609	0.0
4537	4640	0.0
4538	4668	0.0
4539	4610	0.0
4540	4356	0.0
4541	4285	0.0
4542	4605	0.0
4543	4731	0.0
4544	4492	0.0
4545	4149	0.0
4546	4745	0.0
4547	3965	0.0
4548	4847	0.0
4549	4357	0.0
4550	4813	0.0
4551	4441	0.0
4552	4406	0.0
4553	4498	0.0
4554	4618	0.0
4555	4450	0.0
4556	4563	0.0
4557	4514	0.0
4558	4297	0.0
4559	4401	0.0
4560	4776	0.0
4561	4472	0.0
4562	4626	0.0
4563	4747	0.0
4564	4637	0.0
4565	4908	0.0
4566	4713	0.0
4567	4468	0.0
4568	4176	0.0
4569	4595	0.0
4570	4352	0.0
4571	4868	0.0
4572	4799	0.0
4573	4587	0.0
4574	4429	0.0
4575	4619	0.0
4576	4411	0.0
4577	4523	0.0
4578	4449	0.0
4579	4266	0.0
4580	4759	0.0
4581	4345	0.0
4582	4616	0.0
4583	4710	0.0
4584	4742	0.0
4585	4627	0.0
4586	4547	0.0
4587	4663	0.0
4588	4697	0.0
4589	4919	0.0
4590	4554	0.0
4591	4417	0.0
4592	4656	0.0
4593	4372	0.0
4594	4527	0.0
4595	4655	0.0
4596	4808	0.0
4597	4311	0.0
4598	4972	0.0
4599	4580	0.0
4600	4484	0.0
4601	4634	0.0
4602	4469	0.0
4603	4326	0.0
4604	4511	0.0
4605	4775	1.0
4606	4679	0.0
4607	4665	0.0
4608	4695	0.0
4609	4683	0.0
4610	4543	0.0
4611	4667	0.0
4612	4880	0.0
4613	4617	0.0
4614	4437	0.0
4615	4642	0.0
4616	4494	0.0
4617	4442	0.0
4618	4499	0.0
4619	4659	0.0
4620	4779	0.0
4621	4660	0.0
4622	4555	0.0
4623	4657	0.0
4624	4465	0.0
4625	4860	0.0
4626	4510	0.0
4627	4754	0.0
4628	4635	0.0
4629	4381	0.0
4630	4515	0.0
4631	4786	0.0
4632	4767	0.0
4633	4488	0.0
4634	4896	0.0
4635	4520	0.0
4636	4573	0.0
4637	4608	0.0
4638	4936	0.0
4639	4734	0.0
4640	4396	0.0
4641	4817	0.0
4642	4821	0.0
4643	4481	0.0
4644	4728	0.0
4645	4574	0.0
4646	4524	0.0
4647	4857	0.0
4648	4887	0.0
4649	4483	0.0
4650	4678	0.0
4651	4507	0.0
4652	4944	1.0
4653	4867	0.0
4654	4570	0.0
4655	4478	0.0
4656	4670	0.0
4657	4725	0.0
4658	4439	0.0
4659	4238	0.0
4660	4344	0.0
4661	4473	0.0
4662	4761	0.0
4663	4461	0.0
4664	4601	0.0
4665	4567	1.0
4666	4564	0.0
4667	4521	0.0
4668	4503	0.0
4669	4931	0.0
4670	4770	0.0
4671	4865	0.0
4672	4594	0.0
4673	4791	0.0
4674	4727	1.0
4675	4800	0.0
4676	4586	0.0
4677	4766	0.0
4678	4650	0.0
4679	4718	0.0
4680	4824	0.0
4681	4804	0.0
4682	4632	0.0
4683	4716	0.0
4684	4464	0.0
4685	4477	0.0
4686	4937	0.0
4687	4647	0.0
4688	4528	0.0
4689	4801	0.0
4690	4549	0.0
4691	4597	0.0
4692	4794	0.0
4693	4680	0.0
4694	4751	0.0
4695	4644	0.0
4696	4970	0.0
4697	4790	0.0
4698	4512	0.0
4699	4793	0.0
4700	4639	0.0
4701	4940	0.0
4702	4692	0.0
4703	4638	1.0
4704	4691	0.0
4705	4505	1.0
4706	4675	0.0
4707	4526	0.0
4708	4545	0.0
4709	4825	0.0
4710	4914	1.0
4711	4652	0.0
4712	4470	0.0
4713	4753	0.0
4714	4490	0.0
4715	4740	0.0
4716	4674	0.0
4717	4822	0.0
4718	4709	0.0
4719	4721	0.0
4720	4918	0.0
4721	4889	0.0
4722	4525	0.0
4723	4806	0.0
4724	4382	0.0
4725	4643	0.0
4726	4714	0.0
4727	4402	0.0
4728	4819	0.0
4729	4978	0.0
4730	4834	0.0
4731	4898	0.0
4732	4513	0.0
4733	4750	0.0
4734	4694	0.0
4735	4861	0.0
4736	4765	0.0
4737	4839	0.0
4738	4748	0.0
4739	4636	0.0
4740	4879	0.0
4741	4646	0.0
4742	4743	0.0
4743	4706	0.0
4744	4866	1.0
4745	4474	0.0
4746	4623	0.0
4747	4805	0.0
4748	4881	0.0
4749	4557	0.0
4750	4456	0.0
4751	4945	0.0
4752	4832	0.0
4753	4735	0.0
4754	4559	0.0
4755	4983	0.0
4756	4630	0.0
4757	4809	0.0
4758	4455	0.0
4759	4681	0.0
4760	4772	0.0
4761	4704	0.0
4762	4582	0.0
4763	4568	0.0
4764	4958	0.0
4765	4768	0.0
4766	4689	0.0
4767	4722	0.0
4768	4724	0.0
4769	4658	0.0
4770	4871	0.0
4771	4726	0.0
4772	4814	0.0
4773	4569	0.0
4774	4862	0.0
4775	4948	0.0
4776	4651	0.0
4777	4916	0.0
4778	4927	0.0
4779	4947	0.0
4780	4965	1.0
4781	4836	0.0
4782	4620	0.0
4783	4729	0.0
4784	4907	1.0
4785	4688	0.0
4786	4851	1.0
4787	4913	0.0
4788	4550	0.0
4789	4853	0.0
4790	4957	0.0
4791	4956	0.0
4792	4720	0.0
4793	4900	0.0
4794	4840	0.0
4795	4946	0.0
4796	4996	0.0
4797	4925	0.0
4798	4803	0.0
4799	4755	0.0
4800	4849	0.0
4801	4764	0.0
4802	4894	0.0
4803	4669	0.0
4804	4715	0.0
4805	4664	0.0
4806	4732	0.0
4807	4905	0.0
4808	4977	0.0
4809	4784	1.0
4810	4787	0.0
4811	4686	0.0
4812	4991	0.0
4813	4625	1.0
4814	4835	0.0
4815	4980	0.0
4816	4739	0.0
4817	4606	0.0
4818	4949	0.0
4819	4796	0.0
4820	4603	0.0
4821	4863	0.0
4822	4760	1.0
4823	4485	0.0
4824	4556	0.0
4825	4452	0.0
4826	4781	0.0
4827	4744	0.0
4828	4581	1.0
4829	4826	1.0
4830	4654	0.0
4831	4628	0.0
4832	4961	0.0
4833	4930	0.0
4834	4780	0.0
4835	4622	0.0
4836	4858	0.0
4837	4979	1.0
4838	4903	3.0
4839	4624	1.0
4840	4926	0.0
4841	4682	1.0
4842	4795	0.0
4843	4460	0.0
4844	4859	0.0
4845	4938	0.0
4846	4882	0.0
4847	4701	0.0
4848	4876	0.0
4849	4829	0.0
4850	4531	0.0
4851	4749	2.0
4852	4943	1.0
4853	4807	0.0
4854	4738	0.0
4855	4769	2.0
4856	4874	2.0
4857	4967	1.0
4858	4998	0.0
4859	4283	1.0
4860	4870	0.0
4861	4653	0.0
4862	4762	2.0
4863	4802	1.0
4864	4845	0.0
4865	4852	0.0
4866	4969	0.0
4867	4707	1.0
4868	4812	1.0
4869	4548	3.0
4870	4815	2.0
4871	4909	0.0
4872	4782	0.0
4873	4820	0.0
4874	4982	0.0
4875	4837	0.0
4876	4877	0.0
4877	4733	1.0
4878	4975	0.0
4879	4789	0.0
4880	4890	3.0
4881	4741	0.0
4882	4891	1.0
4883	4893	0.0
4884	4869	0.0
4885	4641	0.0
4886	4873	0.0
4887	4950	0.0
4888	4823	0.0
4889	4910	0.0
4890	4964	1.0
4891	4810	0.0
4892	4935	2.0
4893	4976	0.0
4894	4872	0.0
4895	4763	1.0
4896	4981	0.0
4897	4875	1.0
4898	4576	2.0
4899	4901	0.0
4900	4986	0.0
4901	4883	0.0
4902	4811	0.0
4903	4924	0.0
4904	4886	2.0
4905	4758	0.0
4906	4830	0.0
4907	4607	1.0
4908	4955	1.0
4909	4993	0.0
4910	4838	3.0
4911	4855	0.0
4912	4884	0.0
4913	4571	0.0
4914	4912	0.0
4915	4730	1.0
4916	4973	0.0
4917	4960	0.0
4918	4915	0.0
4919	4923	1.0
4920	4929	1.0
4921	4842	0.0
4922	4928	2.0
4923	4757	3.0
4924	4997	0.0
4925	4833	1.0
4926	4922	1.0
4927	4816	0.0
4928	4988	0.0
4929	4661	2.0
4930	4841	0.0
4931	4897	4.0
4932	4534	2.0
4933	4974	3.0
4934	4999	0.0
4935	4984	5.0
4936	4798	0.0
4937	4911	0.0
4938	4892	3.0
4939	4737	2.0
4940	4888	0.0
4941	4854	1.0
4942	4987	1.0
4943	4878	1.0
4944	4942	1.0
4945	4693	1.0
4946	4934	1.0
4947	4966	1.0
4948	4850	0.0
4949	4885	2.0
4950	4951	6.0
4951	4698	1.0
4952	4831	3.0
4953	4777	4.0
4954	4827	1.0
4955	4968	0.0
4956	4591	1.0
4957	4953	0.0
4958	4717	0.0
4959	4672	0.0
4960	4746	0.0
4961	4989	2.0
4962	4904	3.0
4963	4792	0.0
4964	4985	2.0
4965	4941	1.0
4966	4677	16.0
4967	4939	0.0
4968	4783	0.0
4969	4959	2.0
4970	4902	0.0
4971	4788	3.0
4972	4963	2.0
4973	4962	5.0
4974	4848	4.0
4975	4920	0.0
4976	4752	0.0
4977	4952	1.0
4978	4906	0.0
4979	4828	9.0
4980	4711	3.0
4981	4662	6.0
4982	4990	0.0
4983	4917	0.0
4984	4797	12.0
4985	4994	0.0
4986	4899	0.0
4987	4546	5.0
4988	4818	0.0
4989	4932	0.0
4990	4719	5.0
4991	4774	13.0
4992	4995	3.0
4993	4921	3.0
4994	4954	7.0
4995	4864	11.0
4996	4971	0.0
4997	4933	5.0
4998	4992	6.0
4999	4773	4.0
5000	4999	79.0
総距離：262.0