18.0
114.61666666666666
8.827777777777778
5.544444444444444
7.938888888888889
161.2888888888889
16.044444444444444
4.316666666666666
17.233333333333334
186.2722222222222
29.75
5.266666666666667
43.42777777777778
156.85
41.87777777777778
9.666666666666666
49.43888888888889
92.18333333333334
33.705555555555556
6.894444444444445
25.43888888888889
36.455555555555556
12.21111111111111
2.661111111111111
9.116666666666667
11.483333333333333
2.227777777777778
0.6611111111111111
3.2333333333333334
30.333333333333332
3.6777777777777776
1.1222222222222222
8.75
32.46666666666667
12.272222222222222
0.6111111111111112
31.738888888888887
44.7
39.01111111111111
1.3722222222222222
35.17777777777778
48.15555555555556
46.983333333333334
2.1277777777777778
14.255555555555556
35.43333333333333
21.666666666666668
2.0444444444444443
3.3833333333333333
17.616666666666667
5.05
2.0166666666666666
0.6277777777777778
5.661111111111111
0.7388888888888889
1.3055555555555556
6.261111111111111
16.227777777777778
9.13888888888889
0.20555555555555555
22.866666666666667
34.08888888888889
30.294444444444444
1.1055555555555556
31.616666666666667
66.58333333333333
45.05555555555556
4.777777777777778
15.655555555555555
104.05555555555556
31.538888888888888
4.55
3.7888888888888888
115.9888888888889
10.466666666666667
8.9
3.1333333333333333
91.52222222222223
2.438888888888889
21.016666666666666
14.216666666666667
53.50555555555555
0.9888888888888889
26.2
19.466666666666665
64.22777777777777
33.3
1.0944444444444446
16.42222222222222
53.05
41.9
1.25
8.277777777777779
65.87222222222222
30.344444444444445
2.8055555555555554
2.172222222222222
77.08888888888889
15.583333333333334
2.4444444444444446
1.3833333333333333
76.07222222222222
5.394444444444445
6.094444444444444
8.622222222222222
73.7611111111111
2.45
21.455555555555556
95.03888888888889
74.95555555555555
5.555555555555555
49.18333333333333
26.433333333333334
75.67222222222222
33.016666666666666
1.5888888888888888
9.394444444444444
38.77777777777778
26.205555555555556
0.23333333333333334
4.988888888888889
52.24444444444445
18.238888888888887
1.0277777777777777
2.2444444444444445
73.64444444444445
11.022222222222222
5.088888888888889
2.588888888888889
66.63888888888889
4.205555555555556
11.1
11.88888888888889
46.46666666666667
5.9
9.822222222222223
149.73333333333332
44.0
24.444444444444443
17.133333333333333
22.772222222222222
28.43888888888889
8.761111111111111
2.216666666666667
31.27777777777778
19.95
12.03888888888889
2.7555555555555555
37.06111111111111
46.72222222222222
22.666666666666668
3.4722222222222223
18.3
79.89444444444445
18.55
7.733333333333333
14.688888888888888
86.76666666666667
10.21111111111111
20.477777777777778
25.255555555555556
66.52222222222223
17.455555555555556
17.355555555555554
97.08888888888889
55.45
38.21111111111111
5.627777777777778
13.955555555555556
11.266666666666667
0.7333333333333333
4.566666666666666
40.48888888888889
31.283333333333335
2.4
19.116666666666667
59.15
94.19444444444444
6.511111111111111
37.644444444444446
32.9
168.82777777777778
18.366666666666667
28.227777777777778
21.383333333333333
166.38888888888889
43.71666666666667
10.444444444444445
30.033333333333335
96.77222222222223
52.85
5.7444444444444445
46.81111111111111
55.83888888888889
34.355555555555554
2.3944444444444444