35.53333333333333
16.988888888888887
0.8277777777777777
5.405555555555556
66.19444444444444
19.322222222222223
3.066666666666667
10.03888888888889
51.65
13.85
4.283333333333333
6.316666666666666
43.62222222222222
11.216666666666667
8.36111111111111
2.066666666666667
117.17222222222222
25.91111111111111
19.933333333333334
8.75
59.27777777777778
24.31111111111111
9.333333333333334
10.222222222222221
3.433333333333333
5.927777777777778
0.3333333333333333
3.827777777777778
34.138888888888886
10.666666666666666
1.5166666666666666
7.788888888888889
69.0111111111111
13.938888888888888
5.188888888888889
13.216666666666667
51.61666666666667
32.94444444444444
14.805555555555555
9.077777777777778
29.194444444444443
51.42777777777778
30.88888888888889
3.6666666666666665
55.766666666666666
56.144444444444446
33.03333333333333
10.966666666666667
28.11111111111111
71.29444444444445
10.21111111111111
36.11666666666667
18.9
34.32222222222222
0.7277777777777777
40.727777777777774
27.77777777777778
13.666666666666666
12.55
5.238888888888889
54.63333333333333
27.616666666666667
23.227777777777778
10.044444444444444
44.077777777777776
48.92777777777778
31.466666666666665
9.016666666666667
51.111111111111114
53.105555555555554
40.74444444444445
5.883333333333334
65.71666666666667
34.07222222222222
33.916666666666664
5.627777777777778
20.055555555555557
39.24444444444445
7.038888888888889
26.594444444444445
92.95555555555555
35.90555555555556
1.2277777777777779
75.15555555555555
51.95
30.177777777777777
43.75555555555555
1.9944444444444445
44.53888888888889
36.227777777777774
34.97222222222222
10.372222222222222
64.43888888888888
29.43888888888889
18.233333333333334
17.655555555555555
80.06666666666666
18.67222222222222
35.272222222222226
6.288888888888889
62.95
4.272222222222222
25.633333333333333
1.0666666666666667
12.566666666666666
2.1277777777777778
2.3555555555555556
4.305555555555555
175.3
9.366666666666667
7.044444444444444
36.36666666666667
119.23333333333333
36.18888888888889
44.27777777777778
5.288888888888889
46.15
24.444444444444443
20.705555555555556
11.011111111111111
65.97222222222223
23.88888888888889
15.1
20.416666666666668
70.19444444444444
18.216666666666665
29.25
10.338888888888889
34.86666666666667
3.238888888888889
14.277777777777779
3.272222222222222
10.305555555555555
0.6
4.227777777777778
0.36666666666666664
179.58333333333334
7.4944444444444445
32.82222222222222
5.311111111111111
132.74444444444444
46.81666666666667
15.733333333333333
26.75
32.922222222222224
38.56666666666667
22.11111111111111
9.155555555555555
45.727777777777774
32.03333333333333
29.444444444444443
7.316666666666666
49.85
23.772222222222222
16.666666666666668
13.144444444444444
22.18888888888889
6.983333333333333
5.372222222222222
7.066666666666666
22.82777777777778
2.3666666666666667
18.805555555555557
0.36666666666666664
127.76666666666667
14.294444444444444
60.40555555555556
0.4666666666666667
80.72222222222223
88.57222222222222
7.1722222222222225
42.766666666666666
24.63888888888889
102.75
30.5
13.644444444444444
27.872222222222224
56.26111111111111
34.48888888888889
4.533333333333333
31.16111111111111
29.3
10.838888888888889
10.655555555555555
28.544444444444444
14.777777777777779
10.277777777777779
6.122222222222222
67.71666666666667
21.794444444444444
52.105555555555554
1.6944444444444444
89.38888888888889
26.877777777777776
63.12777777777778
1.2277777777777779