3.888888888888889
27.572222222222223
1.8666666666666667
0.6277777777777778
25.622222222222224
25.533333333333335
6.75
1.7277777777777779
111.51666666666667
39.87777777777778
21.32777777777778
8.633333333333333
89.62222222222222
51.794444444444444
23.5
8.63888888888889
24.572222222222223
37.7
12.85
2.9444444444444446
7.394444444444445
14.244444444444444
3.3944444444444444
1.3
1.5
4.388888888888889
0.8777777777777778
0.5666666666666667
13.105555555555556
115.72777777777777
7.538888888888889
4.016666666666667
20.644444444444446
79.09444444444445
14.338888888888889
3.8222222222222224
55.172222222222224
48.77777777777778
27.63888888888889
6.222222222222222
35.272222222222226
66.11666666666666
26.511111111111113
4.588888888888889
11.377777777777778
57.09444444444444
17.233333333333334
2.1055555555555556
6.061111111111111
25.994444444444444
7.405555555555556
1.75
4.122222222222222
15.63888888888889
2.988888888888889
1.461111111111111
15.438888888888888
100.93888888888888
7.677777777777778
4.222222222222222
42.672222222222224
62.32222222222222
14.872222222222222
4.2
75.10555555555555
30.677777777777777
24.416666666666668
4.288888888888889
26.738888888888887
33.21666666666667
17.41111111111111
1.2555555555555555
6.333333333333333
52.022222222222226
15.738888888888889
1.2722222222222221
3.6333333333333333
62.98888888888889
15.022222222222222
2.2444444444444445
10.433333333333334
53.99444444444445
7.722222222222222
4.85
14.766666666666667
18.36111111111111
3.1777777777777776
0.7055555555555556
67.68333333333334
15.683333333333334
15.333333333333334
1.211111111111111
88.67222222222222
7.122222222222222
19.705555555555556
1.1444444444444444
26.616666666666667
17.983333333333334
9.894444444444444
1.1055555555555556
8.96111111111111
65.95
18.244444444444444
3.4444444444444446
3.611111111111111
88.56666666666666
15.577777777777778
5.155555555555556
11.583333333333334
69.21111111111111
7.361111111111111
7.2555555555555555
30.705555555555556
11.172222222222222
5.977777777777778
0.08888888888888889
78.35555555555555
12.827777777777778
18.122222222222224
0.5388888888888889
71.74444444444444
5.294444444444444
14.933333333333334
0.7277777777777777
15.322222222222223
11.927777777777777
5.038888888888889
1.788888888888889
6.777777777777778
31.05
6.35
5.288888888888889
2.7
34.75555555555555
4.183333333333334
5.394444444444445
4.055555555555555
33.67777777777778
3.2222222222222223
3.6555555555555554
54.81666666666667
22.483333333333334
10.133333333333333
0.32222222222222224
77.33333333333333
11.633333333333333
14.255555555555556
1.1444444444444444
54.43333333333333
3.8944444444444444
7.683333333333334
1.7777777777777777
14.877777777777778
8.688888888888888
2.161111111111111
5.683333333333334
16.27777777777778
35.25555555555555
2.1666666666666665
21.788888888888888
7.1
51.916666666666664
2.683333333333333
20.055555555555557
10.372222222222222
69.83888888888889
7.694444444444445
10.13888888888889
92.95555555555555
71.07222222222222
11.216666666666667
3.8
89.58888888888889
34.922222222222224
10.411111111111111
3.6555555555555554
57.0
13.883333333333333
5.416666666666667
3.7111111111111112
17.07777777777778
8.55
1.4111111111111112
6.45
16.67222222222222
42.32222222222222
0.7666666666666667
26.961111111111112
11.733333333333333
100.3
2.95
33.861111111111114
41.78888888888889
173.63888888888889
15.794444444444444
24.377777777777776