56.43888888888889
16.35
1.3944444444444444
9.938888888888888
81.77777777777777
16.488888888888887
2.933333333333333
12.9
40.73888888888889
9.944444444444445
4.844444444444444
4.305555555555555
94.22777777777777
18.916666666666668
19.116666666666667
6.116666666666666
95.63888888888889
40.68333333333333
19.116666666666667
10.672222222222222
14.916666666666666
29.15
3.4611111111111112
9.383333333333333
3.3
6.333333333333333
0.21666666666666667
5.083333333333333
48.11666666666667
8.205555555555556
1.788888888888889
10.722222222222221
84.00555555555556
16.488888888888887
7.844444444444444
16.52777777777778
40.65
39.077777777777776
24.255555555555556
7.15
53.022222222222226
45.91111111111111
42.361111111111114
6.05
38.95
76.7611111111111
25.494444444444444
14.938888888888888
15.794444444444444
67.72777777777777
4.816666666666666
38.38333333333333
24.35
22.066666666666666
1.2555555555555555
35.21666666666667
37.83888888888889
10.172222222222222
16.905555555555555
6.238888888888889
68.10555555555555
27.083333333333332
28.744444444444444
13.544444444444444
52.666666666666664
46.22222222222222
39.666666666666664
10.233333333333333
70.61111111111111
31.93888888888889
43.31666666666667
5.033333333333333
27.616666666666667
29.42222222222222
17.905555555555555
5.9
29.18888888888889
29.8
2.9166666666666665
30.55
98.7611111111111
17.355555555555554
2.6444444444444444
51.90555555555556
61.9
23.783333333333335
52.327777777777776
2.0
61.12222222222222
26.755555555555556
34.44444444444444
13.555555555555555
79.81666666666666
20.872222222222224
28.17222222222222
15.827777777777778
76.38888888888889
8.688888888888888
35.18333333333333
3.0388888888888888
18.93888888888889
15.322222222222223
12.727777777777778
1.7777777777777777
28.994444444444444
23.68888888888889
6.894444444444445
9.955555555555556
160.7111111111111
10.472222222222221
9.627777777777778
23.555555555555557
134.66666666666666
25.383333333333333
48.416666666666664
4.333333333333333
61.577777777777776
16.305555555555557
21.877777777777776
12.216666666666667
82.54444444444445
15.2
25.627777777777776
14.372222222222222
68.31111111111112
8.377777777777778
24.82777777777778
6.883333333333334
41.605555555555554
34.48888888888889
28.683333333333334
4.7555555555555555
32.516666666666666
62.772222222222226
19.416666666666668
17.005555555555556
133.18333333333334
32.28333333333333
21.733333333333334
24.92222222222222
165.46666666666667
30.344444444444445
21.166666666666668
20.477777777777778
57.18333333333333
19.294444444444444
31.055555555555557
6.555555555555555
69.5111111111111
18.283333333333335
29.1
9.183333333333334
72.5
11.438888888888888
12.183333333333334
13.722222222222221
89.46111111111111
21.261111111111113
21.266666666666666
14.844444444444445
58.59444444444444
40.327777777777776
28.738888888888887
16.072222222222223
105.32777777777778
43.6
23.22222222222222
35.66111111111111
130.15
103.78888888888889
15.505555555555556
51.05555555555556
55.57222222222222
80.65555555555555
48.95
9.266666666666667
51.87777777777778
28.616666666666667
25.961111111111112
5.988888888888889
58.92777777777778
15.977777777777778
3.1444444444444444
17.05
82.23333333333333
53.95
11.322222222222223
34.57222222222222
61.522222222222226
79.15555555555555
40.80555555555556
17.283333333333335
109.0
63.21111111111111
28.45
27.516666666666666