0.0
0.0
0.0
0.0
0.31666666666666665
0.35
0.07777777777777778
0.0
5.955555555555556
4.783333333333333
3.683333333333333
0.0
34.78333333333333
25.955555555555556
22.516666666666666
0.4
63.92777777777778
63.044444444444444
39.8
1.7277777777777779
54.272222222222226
68.08333333333333
24.877777777777776
1.5888888888888888
39.82222222222222
44.82222222222222
9.427777777777777
0.8055555555555556
0.2611111111111111
1.1444444444444444
0.40555555555555556
0.0
4.122222222222222
9.911111111111111
5.966666666666667
0.0
16.283333333333335
31.91111111111111
28.66111111111111
0.0
27.05
46.477777777777774
50.983333333333334
0.0
19.81111111111111
37.922222222222224
33.81111111111111
0.0
8.116666666666667
17.93888888888889
10.5
0.0
3.4444444444444446
6.822222222222222
2.6166666666666667
0.10555555555555556
11.05
39.205555555555556
14.127777777777778
0.21666666666666667
17.366666666666667
54.37222222222222
34.76111111111111
0.07777777777777778
21.42222222222222
58.34444444444444
51.12777777777778
0.027777777777777776
13.277777777777779
34.49444444444445
30.833333333333332
0.005555555555555556
3.8
11.488888888888889
8.044444444444444
0.0
0.4666666666666667
2.3777777777777778
0.9888888888888889
0.0
0.26666666666666666
0.2833333333333333
0.06111111111111111
0.0
47.144444444444446
115.4
24.072222222222223
12.272222222222222
32.08888888888889
64.75555555555556
27.272222222222222
13.116666666666667
15.177777777777777
42.611111111111114
17.477777777777778
9.344444444444445
2.6055555555555556
10.794444444444444
3.5166666666666666
2.4833333333333334
0.29444444444444445
0.8555555555555555
0.16111111111111112
0.16666666666666666
0.0
0.0
0.0
0.0
0.0
0.0
0.0
0.0
27.344444444444445
90.38888888888889
4.461111111111111
18.916666666666668
14.105555555555556
74.49444444444444
2.283333333333333
30.294444444444444
9.005555555555556
81.87222222222222
1.6888888888888889
40.544444444444444
3.433333333333333
55.03333333333333
0.4888888888888889
31.755555555555556
1.5611111111111111
24.15
0.12222222222222222
14.166666666666666
0.5333333333333333
6.2555555555555555
0.005555555555555556
3.061111111111111
0.2222222222222222
0.8722222222222222
0.0
0.11666666666666667
2.011111111111111
13.283333333333333
0.10555555555555556
2.522222222222222
1.8166666666666667
24.36111111111111
0.17222222222222222
8.894444444444444
4.133333333333334
47.077777777777776
0.3888888888888889
24.022222222222222
6.833333333333333
67.61111111111111
0.65
43.02777777777778
8.377777777777778
68.28888888888889
0.4722222222222222
43.78333333333333
7.8277777777777775
49.166666666666664
0.20555555555555555
26.744444444444444
6.738888888888889
28.52777777777778
0.011111111111111112
11.488888888888889
0.15555555555555556
0.6222222222222222
0.0
0.022222222222222223
0.11666666666666667
1.0888888888888888
0.0
0.19444444444444445
1.211111111111111
4.855555555555555
0.0
1.9222222222222223
5.066666666666666
19.65
0.06666666666666667
10.005555555555556
17.65
51.87222222222222
0.25
27.305555555555557
28.177777777777777
96.86666666666666
0.18333333333333332
44.90555555555556
85.99444444444444
198.7722222222222
2.988888888888889
62.6