50.861111111111114
20.65
3.6
4.844444444444444
6.105555555555555
3.6777777777777776
0.9833333333333333
0.7333333333333333
4.522222222222222
15.63888888888889
3.216666666666667
0.6222222222222222
49.18333333333333
39.21111111111111
9.866666666666667
6.15
115.25
54.544444444444444
13.672222222222222
16.488888888888887
56.138888888888886
62.855555555555554
7.55
10.833333333333334
21.105555555555554
67.5
5.516666666666667
4.5777777777777775
125.49444444444444
24.233333333333334
9.533333333333333
8.716666666666667
16.594444444444445
14.077777777777778
5.211111111111111
1.9277777777777778
8.38888888888889
63.955555555555556
16.18888888888889
2.2111111111111112
19.005555555555556
90.25
20.22222222222222
5.511111111111111
57.394444444444446
53.88333333333333
14.588888888888889
13.766666666666667
41.46666666666667
66.01666666666667
10.53888888888889
7.855555555555555
21.405555555555555
86.46666666666667
9.311111111111112
4.227777777777778
189.7111111111111
15.044444444444444
10.383333333333333
7.038888888888889
20.305555555555557
13.05
5.088888888888889
1.9444444444444444
5.627777777777778
44.833333333333336
11.977777777777778
1.7944444444444445
15.616666666666667
48.24444444444445
9.344444444444445
4.25
82.31111111111112
26.66111111111111
5.911111111111111
13.283333333333333
69.00555555555556
25.488888888888887
5.333333333333333
6.916666666666667
16.272222222222222
27.966666666666665
3.088888888888889
1.2722222222222221
202.10555555555555
9.066666666666666
8.016666666666667
5.2555555555555555
17.677777777777777
2.511111111111111
2.477777777777778
0.9111111111111111
3.9
17.655555555555555
7.477777777777778
0.7666666666666667
13.905555555555555
36.57222222222222
8.022222222222222
3.488888888888889
81.57777777777778
25.483333333333334
6.733333333333333
10.261111111111111
76.65555555555555
13.422222222222222
2.8
10.155555555555555
17.994444444444444
10.744444444444444
0.36666666666666664
4.3277777777777775
201.21666666666667
8.605555555555556
5.116666666666666
8.083333333333334
32.50555555555555
2.533333333333333
5.616666666666666
1.9333333333333333
36.733333333333334
36.3
24.88888888888889
3.6222222222222222
20.833333333333332
83.33888888888889
19.494444444444444
10.355555555555556
50.7
53.88333333333333
10.666666666666666
15.716666666666667
53.7
34.522222222222226
5.405555555555556
18.805555555555557
25.544444444444444
51.03333333333333
1.9166666666666667
25.272222222222222
185.4111111111111
12.633333333333333
4.088888888888889
14.155555555555555
48.62222222222222
1.8722222222222222
4.305555555555555
6.522222222222222
80.36111111111111
21.18888888888889
15.71111111111111
19.97222222222222
40.9
50.144444444444446
14.911111111111111
17.533333333333335
60.17777777777778
38.21666666666667
14.744444444444444
11.85
48.016666666666666
39.51111111111111
9.666666666666666
15.027777777777779
40.022222222222226
76.95
3.3
37.23888888888889
173.87777777777777
47.8
6.438888888888889
21.761111111111113
45.28333333333333
7.55
2.6777777777777776
9.977777777777778
58.97222222222222
35.26111111111111
2.5388888888888888
46.50555555555555
41.9
115.52777777777777
16.32777777777778
45.077777777777776
58.727777777777774
94.32777777777778
39.83888888888889
7.427777777777778
49.57222222222222
41.65
18.244444444444444
6.322222222222222
43.87777777777778
55.81666666666667
3.477777777777778
20.183333333333334