4.627777777777778
33.2
2.0277777777777777
0.8
27.244444444444444
29.566666666666666
6.177777777777778
1.9111111111111112
90.28888888888889
42.91111111111111
14.7
7.288888888888889
86.15555555555555
60.92777777777778
17.522222222222222
8.283333333333333
34.34444444444444
59.62222222222222
13.11111111111111
3.8333333333333335
13.166666666666666
44.22222222222222
6.372222222222222
1.9388888888888889
9.555555555555555
25.177777777777777
2.5555555555555554
1.4222222222222223
14.911111111111111
137.21666666666667
10.255555555555556
4.472222222222222
19.055555555555557
88.7611111111111
14.633333333333333
4.138888888888889
41.51111111111111
54.19444444444444
22.93888888888889
5.544444444444444
30.033333333333335
65.91666666666667
22.77777777777778
4.75
10.005555555555556
83.86666666666666
15.983333333333333
2.2
6.855555555555555
62.13333333333333
8.53888888888889
1.15
8.905555555555555
33.67777777777778
3.488888888888889
1.2055555555555555
17.06111111111111
108.24444444444444
9.922222222222222
3.8722222222222222
42.016666666666666
66.28333333333333
15.022222222222222
4.022222222222222
64.43888888888888
38.21666666666667
22.91111111111111
4.622222222222222
27.11111111111111
37.44444444444444
16.288888888888888
1.1777777777777778
2.6666666666666665
43.52777777777778
6.644444444444445
0.7166666666666667
0.8777777777777778
34.06666666666667
2.2111111111111112
1.8555555555555556
1.5166666666666666
18.955555555555556
0.9888888888888889
2.3944444444444444
17.116666666666667
17.155555555555555
3.9722222222222223
0.9777777777777777
54.53333333333333
25.194444444444443
13.433333333333334
3.4055555555555554
61.0
53.644444444444446
22.372222222222224
6.65
18.377777777777776
89.11111111111111
21.427777777777777
3.0833333333333335
1.3611111111111112
109.38888888888889
11.927777777777777
3.6333333333333333
2.15
100.91666666666667
3.216666666666667
15.283333333333333
22.2
68.71666666666667
1.3111111111111111
31.394444444444446
14.5
18.572222222222223
4.1722222222222225
1.6666666666666667
27.116666666666667
36.5
11.133333333333333
4.594444444444444
18.261111111111113
66.68888888888888
19.52777777777778
5.611111111111111
4.238888888888889
79.08888888888889
19.244444444444444
2.272222222222222
0.6611111111111111
77.92222222222222
9.072222222222223
3.066666666666667
7.65
76.33888888888889
6.216666666666667
14.45
101.47222222222223
77.97777777777777
15.177777777777777
43.394444444444446
4.944444444444445
11.15
1.1722222222222223
1.2777777777777777
5.011111111111111
17.116666666666667
3.8055555555555554
1.6111111111111112
2.727777777777778
17.566666666666666
5.5055555555555555
1.0777777777777777
0.7833333333333333
13.838888888888889
5.588888888888889
0.24444444444444444
1.2333333333333334
19.05
12.094444444444445
0.15555555555555556
10.71111111111111
34.8
30.594444444444445
1.6055555555555556
99.11111111111111
57.6
53.12777777777778
8.505555555555556
4.677777777777778
14.233333333333333
1.5333333333333334
2.0
7.9944444444444445
35.05555555555556
4.405555555555556
5.155555555555556
9.033333333333333
75.21111111111111
10.161111111111111
5.916666666666667
9.03888888888889
113.37222222222222
27.86111111111111
4.194444444444445
9.35
120.5
56.022222222222226
1.4277777777777778
13.216666666666667
89.6
67.17222222222222
0.13333333333333333
29.127777777777776
57.455555555555556
49.916666666666664
0.07777777777777778