3.6666666666666665
19.544444444444444
1.3444444444444446
1.3555555555555556
30.155555555555555
33.955555555555556
7.216666666666667
3.0055555555555555
104.5111111111111
52.78333333333333
24.52777777777778
7.877777777777778
79.95555555555555
75.08333333333333
32.44444444444444
7.061111111111111
19.83888888888889
69.25
29.494444444444444
2.0944444444444446
9.594444444444445
31.144444444444446
13.422222222222222
1.1611111111111112
2.1555555555555554
5.572222222222222
1.3
0.11666666666666667
8.516666666666667
78.34444444444445
8.033333333333333
5.061111111111111
23.75
91.88888888888889
15.866666666666667
7.338888888888889
62.99444444444445
58.74444444444445
24.566666666666666
9.727777777777778
35.25555555555555
78.45
27.538888888888888
5.111111111111111
14.583333333333334
80.7
24.772222222222222
2.522222222222222
15.044444444444444
35.98888888888889
11.833333333333334
2.7777777777777777
2.6666666666666665
7.844444444444444
1.4222222222222223
0.8666666666666667
5.205555555555556
53.12777777777778
7.561111111111111
2.6277777777777778
33.23888888888889
44.3
11.016666666666667
4.6
90.53888888888889
36.53333333333333
16.08888888888889
10.65
41.205555555555556
59.1
20.683333333333334
6.288888888888889
31.977777777777778
66.22222222222223
28.883333333333333
7.583333333333333
29.383333333333333
63.25
14.411111111111111
22.57777777777778
9.161111111111111
33.18888888888889
1.3388888888888888
26.6
5.522222222222222
15.472222222222221
16.35
0.1
27.572222222222223
36.43888888888889
34.56666666666667
2.3
62.65555555555556
44.71666666666667
28.394444444444446
12.022222222222222
48.766666666666666
71.56666666666666
34.94444444444444
11.466666666666667
53.1
58.65
44.833333333333336
8.761111111111111
26.322222222222223
64.05555555555556
17.022222222222222
26.644444444444446
70.25
56.144444444444446
2.327777777777778
74.78888888888889
46.73888888888889
34.227777777777774
54.65555555555556
0.5555555555555556
27.27777777777778
46.12777777777778
52.56666666666667
3.0833333333333335
60.63333333333333
35.92777777777778
21.744444444444444
17.372222222222224
69.81666666666666
29.16111111111111
33.90555555555556
15.25
57.672222222222224
13.894444444444444
41.76111111111111
3.0722222222222224
14.766666666666667
8.88888888888889
8.35
5.65
162.0611111111111
18.994444444444444
15.916666666666666
40.83888888888889
112.21111111111111
43.9
42.05
16.283333333333335
31.272222222222222
35.544444444444444
28.41111111111111
5.727777777777778
45.45
35.61666666666667
31.488888888888887
9.377777777777778
55.44444444444444
32.422222222222224
30.627777777777776
14.883333333333333
35.31111111111111
12.655555555555555
17.655555555555555
8.466666666666667
11.727777777777778
3.188888888888889
11.605555555555556
0.6333333333333333
148.9611111111111
13.927777777777777
59.57222222222222
4.305555555555555
88.18888888888888
101.73333333333333
11.316666666666666
51.66111111111111
21.33888888888889
125.74444444444444
37.894444444444446
17.755555555555556
20.52777777777778
78.87222222222222
51.37777777777778
4.522222222222222
33.55555555555556
42.75555555555555
21.3
13.911111111111111
32.55
23.4
10.305555555555555
11.4
47.477777777777774
29.02777777777778
47.28888888888889
2.3055555555555554
101.58888888888889
38.69444444444444
85.44444444444444
1.3277777777777777