24.227777777777778
13.933333333333334
1.9222222222222223
2.138888888888889
3.311111111111111
1.5444444444444445
0.14444444444444443
0.5111111111111111
10.03888888888889
3.05
0.6388888888888888
1.3277777777777777
103.52777777777777
23.288888888888888
2.811111111111111
21.13888888888889
114.76666666666667
35.077777777777776
2.15
25.127777777777776
24.988888888888887
25.594444444444445
1.4833333333333334
5.033333333333333
14.905555555555555
38.43888888888889
3.5944444444444446
1.7833333333333334
87.10555555555555
29.116666666666667
5.233333333333333
7.033333333333333
11.333333333333334
7.188888888888889
2.2666666666666666
1.3222222222222222
4.583333333333333
24.944444444444443
7.777777777777778
0.5833333333333334
46.09444444444444
37.477777777777774
13.144444444444444
6.816666666666666
70.07777777777778
37.16111111111111
8.666666666666666
14.45
23.133333333333333
66.28888888888889
7.5055555555555555
6.227777777777778
26.605555555555554
118.15555555555555
11.255555555555556
4.705555555555556
167.4111111111111
23.122222222222224
8.172222222222222
7.6722222222222225
24.211111111111112
19.538888888888888
6.411111111111111
2.4166666666666665
9.311111111111112
77.0111111111111
20.63888888888889
2.1277777777777778
25.005555555555556
85.05555555555556
21.127777777777776
6.822222222222222
57.25555555555555
45.4
11.45
12.816666666666666
35.78333333333333
68.33888888888889
9.9
5.288888888888889
28.533333333333335
114.11666666666666
10.938888888888888
3.2222222222222223
193.93333333333334
13.472222222222221
7.4944444444444445
6.911111111111111
22.622222222222224
13.505555555555556
4.688888888888889
2.061111111111111
4.338888888888889
33.01111111111111
8.372222222222222
1.2555555555555555
28.455555555555556
28.32777777777778
5.472222222222222
3.9555555555555557
90.41111111111111
16.16111111111111
4.461111111111111
9.188888888888888
62.294444444444444
16.744444444444444
3.5833333333333335
3.7
21.75
19.755555555555556
1.7833333333333334
0.7777777777777778
179.4611111111111
19.77777777777778
5.644444444444445
14.338888888888889
20.394444444444446
2.7944444444444443
1.5222222222222221
2.8333333333333335
1.1555555555555554
0.6055555555555555
0.28888888888888886
0.09444444444444444
31.233333333333334
0.85
2.6055555555555556
0.5222222222222223
98.67777777777778
5.522222222222222
7.366666666666666
2.5
65.76666666666667
9.016666666666667
4.116666666666666
2.066666666666667
20.85
3.9
0.9444444444444444
0.31666666666666665
119.63333333333334
31.094444444444445
4.7444444444444445
20.86111111111111
18.41111111111111
5.627777777777778
1.8166666666666667
3.8666666666666667
1.7555555555555555
0.4888888888888889
0.8166666666666667
0.12777777777777777
37.82222222222222
1.9555555555555555
10.405555555555555
0.10555555555555556
90.68888888888888
10.133333333333333
19.083333333333332
0.5722222222222222
51.59444444444444
11.272222222222222
6.822222222222222
0.5222222222222223
14.633333333333333
4.477777777777778
1.1944444444444444
0.07222222222222222
36.66111111111111
21.961111111111112
2.1
9.844444444444445
9.2
5.288888888888889
0.9277777777777778
2.1944444444444446
11.616666666666667
7.5
8.994444444444444
0.6333333333333333
72.14444444444445
29.56111111111111
47.51111111111111
1.461111111111111
89.54444444444445
36.00555555555555
43.83888888888889
1.1
32.083333333333336
16.477777777777778
8.86111111111111
0.32222222222222224
7.361111111111111
4.394444444444445
1.0777777777777777
0.05555555555555555