5.711111111111111
45.30555555555556
3.2222222222222223
1.45
8.333333333333334
71.38888888888889
5.85
2.861111111111111
39.15555555555556
94.45
10.472222222222221
8.722222222222221
85.60555555555555
90.18888888888888
13.455555555555556
17.772222222222222
61.227777777777774
86.05555555555556
9.922222222222222
15.116666666666667
19.666666666666668
60.67777777777778
5.722222222222222
6.177777777777778
6.111111111111111
25.066666666666666
1.85
2.4277777777777776
9.25
86.26666666666667
7.194444444444445
2.5444444444444443
3.4833333333333334
97.12777777777778
9.95
2.683333333333333
14.894444444444444
93.50555555555556
10.45
6.405555555555556
53.07222222222222
55.74444444444445
10.411111111111111
13.527777777777779
50.80555555555556
62.51111111111111
12.077777777777778
10.327777777777778
16.38888888888889
72.2
8.627777777777778
5.338888888888889
8.994444444444444
44.15
5.316666666666666
3.138888888888889
7.338888888888889
69.88888888888889
4.811111111111111
2.0055555555555555
2.8555555555555556
88.68888888888888
8.983333333333333
2.4833333333333334
13.033333333333333
98.0111111111111
12.205555555555556
3.683333333333333
54.727777777777774
61.87777777777778
12.705555555555556
10.38888888888889
53.91111111111111
60.81111111111111
12.733333333333333
10.966666666666667
17.705555555555556
86.00555555555556
13.866666666666667
3.433333333333333
10.677777777777777
66.17222222222222
9.866666666666667
2.238888888888889
7.183333333333334
72.62222222222222
6.288888888888889
2.0944444444444446
2.4833333333333334
94.22222222222223
9.927777777777777
2.2888888888888888
7.222222222222222
97.04444444444445
10.616666666666667
3.1055555555555556
49.022222222222226
59.15
8.916666666666666
10.544444444444444
70.50555555555556
42.07222222222222
9.955555555555556
10.377777777777778
26.055555555555557
50.083333333333336
7.622222222222222
3.25
5.716666666666667
33.24444444444445
4.688888888888889
0.8055555555555556
14.183333333333334
52.894444444444446
14.272222222222222
1.1166666666666667
3.0277777777777777
79.36111111111111
13.055555555555555
1.5555555555555556
5.866666666666666
95.93333333333334
7.805555555555555
5.261111111111111
42.227777777777774
63.61666666666667
8.761111111111111
9.46111111111111
66.46111111111111
36.35
6.35
14.96111111111111
29.06111111111111
41.394444444444446
2.0555555555555554
12.733333333333333
5.977777777777778
34.37777777777778
0.7222222222222222
9.266666666666667
67.33888888888889
67.95
22.216666666666665
10.661111111111111
23.2
80.84444444444445
20.35
8.261111111111111
11.216666666666667
97.06111111111112
9.844444444444445
7.455555555555556
38.63333333333333
69.78888888888889
9.533333333333333
11.822222222222223
48.772222222222226
46.888888888888886
10.877777777777778
13.116666666666667
22.266666666666666
76.44444444444444
4.35
24.15
21.933333333333334
101.02222222222223
2.088888888888889
36.15555555555556
71.2388888888889
79.66666666666667
5.166666666666667
38.583333333333336
34.638888888888886
132.82777777777778
6.294444444444444
49.02777777777778
18.572222222222223
182.63888888888889
17.616666666666667
27.694444444444443
49.57222222222222
142.57777777777778
38.87222222222222
8.1
68.06111111111112
67.59444444444445
29.344444444444445
3.3555555555555556
26.06111111111111
45.94444444444444
6.183333333333334
10.866666666666667
35.33888888888889
91.49444444444444
2.3722222222222222
29.816666666666666