89.51666666666667
80.98333333333333
4.7
6.322222222222222
34.916666666666664
21.1
1.9777777777777779
2.661111111111111
7.472222222222222
3.227777777777778
0.3277777777777778
0.31666666666666665
13.95
8.983333333333333
0.49444444444444446
2.183333333333333
54.8
47.81666666666667
1.211111111111111
12.438888888888888
68.57222222222222
85.07222222222222
1.0277777777777777
19.394444444444446
93.26666666666667
79.4888888888889
0.3888888888888889
20.38888888888889
131.63888888888889
44.00555555555555
5.305555555555555
6.294444444444444
50.6
10.755555555555556
2.35
2.738888888888889
7.238888888888889
2.2111111111111112
0.5333333333333333
0.3611111111111111
2.1222222222222222
1.0166666666666666
0.06666666666666667
0.5055555555555555
20.08888888888889
8.488888888888889
0.022222222222222223
3.6444444444444444
53.49444444444445
22.711111111111112
0.23333333333333334
8.305555555555555
119.14444444444445
32.99444444444445
0.5722222222222222
17.177777777777777
132.55
38.861111111111114
4.3277777777777775
6.961111111111111
51.78333333333333
14.355555555555556
2.5166666666666666
3.8
7.95
2.938888888888889
0.8666666666666667
0.6333333333333333
0.8777777777777778
0.21666666666666667
0.05555555555555555
0.16111111111111112
11.633333333333333
2.611111111111111
0.1
0.6
52.81111111111111
11.244444444444444
0.6333333333333333
2.7666666666666666
147.4111111111111
15.322222222222223
3.5388888888888888
10.216666666666667
76.85555555555555
56.227777777777774
2.9555555555555557
9.172222222222222
30.805555555555557
22.57777777777778
2.7111111111111112
4.338888888888889
4.861111111111111
3.577777777777778
0.6666666666666666
0.6611111111111111
0.8
0.4222222222222222
0.22777777777777777
0.09444444444444444
10.733333333333333
3.6777777777777776
1.2722222222222221
0.10555555555555556
52.21111111111111
14.25
3.816666666666667
0.8222222222222222
145.38888888888889
16.61111111111111
11.61111111111111
3.8333333333333335
17.872222222222224
29.677777777777777
1.1333333333333333
4.316666666666666
7.511111111111111
12.5
1.4555555555555555
2.022222222222222
1.7777777777777777
2.811111111111111
0.9555555555555556
0.3111111111111111
2.0833333333333335
3.066666666666667
2.488888888888889
0.005555555555555556
18.83888888888889
14.655555555555555
7.95
0.022222222222222223
48.55555555555556
30.494444444444444
12.516666666666667
0.24444444444444444
110.55
34.33888888888889
19.822222222222223
1.0555555555555556
1.1666666666666667
5.266666666666667
0.2222222222222222
0.32222222222222224
0.8555555555555555
4.927777777777778
1.0666666666666667
0.22777777777777777
1.988888888888889
6.966666666666667
4.261111111111111
0.016666666666666666
8.405555555555555
17.13888888888889
12.844444444444445
0.0
30.38888888888889
36.25
23.32777777777778
0.0
34.85
43.40555555555556
19.9
0.0
60.25
46.62777777777778
16.366666666666667
0.05555555555555555
5.8277777777777775
17.216666666666665
1.6277777777777778
0.2388888888888889
8.45
32.18888888888889
7.083333333333333
0.43333333333333335
17.905555555555555
66.98333333333333
22.705555555555556
0.95
30.16111111111111
92.61666666666666
44.861111111111114
0.6611111111111111
37.65
80.05555555555556
42.388888888888886
0.25
23.544444444444444
51.638888888888886
19.572222222222223
0.14444444444444443
21.36111111111111
28.105555555555554
7.477777777777778
0.0