0.8833333333333333
1.1333333333333333
0.1
0.15
17.08888888888889
19.461111111111112
1.4166666666666667
8.522222222222222
46.4
76.5111111111111
6.477777777777778
45.44444444444444
53.3
70.6
12.53888888888889
54.172222222222224
25.455555555555556
15.8
6.083333333333333
15.616666666666667
1.9166666666666667
0.6722222222222223
0.2611111111111111
0.42777777777777776
1.2444444444444445
0.15555555555555556
0.05555555555555555
0.3111111111111111
0.8388888888888889
0.3333333333333333
0.10555555555555556
0.03333333333333333
1.2944444444444445
1.6
0.6333333333333333
0.5166666666666667
16.122222222222224
14.45
12.488888888888889
5.405555555555556
38.69444444444444
26.82777777777778
28.622222222222224
11.822222222222223
19.872222222222224
9.044444444444444
10.661111111111111
6.333333333333333
1.3166666666666667
0.5833333333333334
0.2111111111111111
0.3111111111111111
1.3388888888888888
0.37222222222222223
0.016666666666666666
0.48333333333333334
3.338888888888889
2.4833333333333334
0.6722222222222223
0.3388888888888889
4.233333333333333
2.3666666666666667
1.0888888888888888
1.2555555555555555
26.488888888888887
19.905555555555555
9.255555555555556
15.838888888888889
30.666666666666668
22.822222222222223
13.327777777777778
18.95
8.272222222222222
4.972222222222222
3.716666666666667
3.838888888888889
5.338888888888889
6.0055555555555555
0.4
4.455555555555556
8.338888888888889
8.872222222222222
0.39444444444444443
9.261111111111111
33.06666666666667
22.1
7.8
4.088888888888889
11.85
6.166666666666667
3.238888888888889
2.388888888888889
24.56111111111111
14.811111111111112
2.1166666666666667
22.7
59.916666666666664
18.75
3.2111111111111112
48.86666666666667
27.06111111111111
3.9166666666666665
0.7555555555555555
15.21111111111111
17.544444444444444
14.011111111111111
0.9722222222222222
17.405555555555555
46.166666666666664
27.094444444444445
1.2333333333333334
50.516666666666666
107.34444444444445
33.56666666666667
20.766666666666666
12.444444444444445
22.094444444444445
8.45
6.933333333333334
3.7222222222222223
13.972222222222221
4.566666666666666
1.0611111111111111
8.422222222222222
86.84444444444445
6.144444444444445
3.65
30.55
69.15
3.172222222222222
2.9611111111111112
19.594444444444445
16.95
6.155555555555556
0.6444444444444445
14.194444444444445
95.32222222222222
28.52777777777778
2.9944444444444445
69.22222222222223
128.17777777777778
31.127777777777776
21.894444444444446
16.2
26.238888888888887
9.427777777777777
6.461111111111111
6.872222222222222
18.372222222222224
14.183333333333334
3.9166666666666665
7.183333333333334
89.50555555555556
11.88888888888889
14.761111111111111
8.588888888888889
83.56111111111112
2.238888888888889
9.761111111111111
6.4944444444444445
10.933333333333334
0.7888888888888889
0.7222222222222222
2.9444444444444446
78.2
22.794444444444444
3.9277777777777776
30.555555555555557
101.33888888888889
52.483333333333334
15.433333333333334
13.844444444444445
35.52777777777778
23.822222222222223
4.972222222222222
13.133333333333333
48.53333333333333
74.53333333333333
12.622222222222222
27.877777777777776
81.32777777777778
80.25
40.0
13.188888888888888
68.06111111111112
16.866666666666667
22.4
1.2944444444444445
7.072222222222222
0.5166666666666667
1.1666666666666667
0.34444444444444444
33.57222222222222
12.005555555555556
2.9
5.488888888888889