26.977777777777778
86.9
7.094444444444444
2.438888888888889
8.816666666666666
79.38333333333334
5.9944444444444445
0.35
15.077777777777778
98.70555555555555
7.911111111111111
0.42777777777777776
22.383333333333333
122.0111111111111
10.605555555555556
1.2777777777777777
27.86111111111111
129.2888888888889
10.766666666666667
3.4722222222222223
33.483333333333334
114.05555555555556
9.627777777777778
4.477777777777778
119.99444444444444
128.82222222222222
15.63888888888889
8.666666666666666
28.933333333333334
105.8
12.161111111111111
4.527777777777778
6.816666666666666
77.85555555555555
12.727777777777778
0.07777777777777778
9.827777777777778
74.70555555555555
13.222222222222221
0.17777777777777778
16.833333333333332
66.85555555555555
15.122222222222222
1.0
31.805555555555557
50.477777777777774
21.955555555555556
4.1722222222222225
27.894444444444446
33.705555555555556
22.183333333333334
2.727777777777778
46.37222222222222
41.55555555555556
23.27777777777778
1.05
13.21111111111111
74.2
10.077777777777778
3.577777777777778
1.8166666666666667
39.78333333333333
9.672222222222222
0.016666666666666666
6.572222222222222
27.216666666666665
9.7
0.06666666666666667
30.461111111111112
25.261111111111113
25.627777777777776
0.3277777777777778
42.84444444444444
31.522222222222222
40.25555555555555
0.7777777777777778
23.17222222222222
29.594444444444445
26.633333333333333
0.5222222222222223
12.844444444444445
17.805555555555557
10.605555555555556
0.022222222222222223
1.511111111111111
13.105555555555556
2.5444444444444443
0.6277777777777778
1.5333333333333334
4.905555555555556
2.3833333333333333
0.011111111111111112
22.916666666666668
5.8277777777777775
10.2
0.17777777777777778
62.25
14.466666666666667
33.32222222222222
0.2611111111111111
44.138888888888886
19.355555555555554
30.294444444444444
0.12222222222222222
9.688888888888888
10.78888888888889
8.955555555555556
0.07777777777777778
1.5666666666666667
3.011111111111111
1.4444444444444444
0.0
0.5055555555555555
1.35
0.49444444444444446
0.07222222222222222
5.022222222222222
1.3666666666666667
1.1611111111111112
0.2833333333333333
46.111111111111114
4.111111111111111
8.21111111111111
3.022222222222222
89.09444444444445
9.25
18.433333333333334
6.111111111111111
39.45
7.372222222222222
9.816666666666666
2.3722222222222222
3.033333333333333
1.7666666666666666
1.238888888888889
0.10555555555555556
0.28888888888888886
0.9
0.14444444444444443
0.0
0.36666666666666664
0.22777777777777777
0.06111111111111111
0.011111111111111112
5.383333333333334
0.8833333333333333
0.28888888888888886
0.7555555555555555
38.083333333333336
4.544444444444444
1.8333333333333333
9.472222222222221
74.94444444444444
16.833333333333332
3.45
27.394444444444446
33.827777777777776
24.52777777777778
1.5222222222222221
20.955555555555556
3.533333333333333
15.938888888888888
0.35555555555555557
5.572222222222222
2.311111111111111
10.455555555555556
0.7166666666666667
1.1944444444444444
0.07777777777777778
0.027777777777777776
0.0
0.005555555555555556
2.111111111111111
0.7388888888888889
0.03333333333333333
0.6277777777777778
15.005555555555556
7.305555555555555
0.09444444444444444
8.05
37.96666666666667
40.81666666666667
0.3
36.56111111111111
30.133333333333333
106.38888888888889
0.7388888888888889
51.638888888888886
15.63888888888889
144.98888888888888
2.0555555555555554
32.09444444444444
47.01111111111111
175.97222222222223
7.305555555555555
19.22222222222222