3.95
24.683333333333334
0.6722222222222223
1.4944444444444445
13.033333333333333
34.766666666666666
2.0833333333333335
3.1166666666666667
75.67222222222222
50.38333333333333
7.727777777777778
8.527777777777779
105.17222222222222
52.37222222222222
12.2
12.266666666666667
45.75
33.43888888888889
7.261111111111111
5.927777777777778
11.316666666666666
14.2
2.5
1.6833333333333333
2.9833333333333334
5.344444444444444
0.7111111111111111
0.3277777777777778
12.816666666666666
93.91111111111111
5.444444444444445
4.338888888888889
9.3
100.56666666666666
6.483333333333333
6.183333333333334
36.77777777777778
72.87777777777778
12.488888888888889
8.71111111111111
46.61666666666667
59.09444444444444
15.383333333333333
10.572222222222223
22.116666666666667
74.04444444444445
9.661111111111111
9.333333333333334
9.166666666666666
43.87777777777778
3.4277777777777776
4.861111111111111
4.427777777777778
15.96111111111111
0.8777777777777778
1.6444444444444444
9.916666666666666
78.42222222222222
4.433333333333334
3.2055555555555557
14.905555555555555
63.21111111111111
5.233333333333333
3.938888888888889
64.47222222222223
42.00555555555555
10.794444444444444
6.705555555555556
61.4
40.827777777777776
14.8
5.105555555555555
14.833333333333334
51.98888888888889
7.388888888888889
4.066666666666666
6.188888888888889
34.166666666666664
2.511111111111111
3.3222222222222224
9.35
19.58888888888889
1.6111111111111112
3.261111111111111
12.988888888888889
108.71666666666667
3.827777777777778
5.833333333333333
17.85
79.15555555555555
8.127777777777778
5.222222222222222
57.74444444444445
42.41111111111111
15.905555555555555
5.794444444444444
47.56111111111111
60.1
13.5
7.972222222222222
11.105555555555556
75.91111111111111
9.105555555555556
3.5444444444444443
6.4944444444444445
47.57222222222222
4.933333333333334
2.2222222222222223
27.17222222222222
31.75
3.3722222222222222
5.205555555555556
15.188888888888888
109.1
4.122222222222222
6.0777777777777775
28.72222222222222
85.22222222222223
7.088888888888889
7.388888888888889
60.3
44.01111111111111
12.294444444444444
8.95
38.78888888888889
55.644444444444446
13.45
5.283333333333333
6.305555555555555
64.56111111111112
7.222222222222222
2.466666666666667
6.944444444444445
39.53888888888889
5.5
1.3388888888888888
62.25555555555555
39.522222222222226
13.972222222222221
6.027777777777778
7.388888888888889
13.261111111111111
0.5166666666666667
0.8555555555555555
39.672222222222224
15.188888888888888
1.6111111111111112
3.6277777777777778
83.62222222222222
16.761111111111113
3.1
12.016666666666667
55.416666666666664
13.96111111111111
2.6333333333333333
11.022222222222222
6.811111111111111
11.4
4.627777777777778
2.0388888888888888
9.655555555555555
18.58888888888889
16.82777777777778
0.12777777777777777
77.27777777777777
51.03333333333333
42.00555555555555
3.161111111111111
4.966666666666667
2.8833333333333333
0.05555555555555555
0.42777777777777776
27.261111111111113
15.116666666666667
0.28888888888888886
5.911111111111111
57.53888888888889
53.544444444444444
0.7
30.105555555555554
45.45
123.92777777777778
5.3277777777777775
47.638888888888886
11.744444444444444
167.85555555555555
27.416666666666668
20.805555555555557
16.255555555555556
132.8
58.083333333333336
2.5944444444444446
47.75555555555555
97.28888888888889
62.96666666666667
1.2555555555555555