197.60555555555555
62.09444444444444
7.655555555555556
8.011111111111111
43.55555555555556
9.088888888888889
2.4277777777777776
1.9944444444444445
10.477777777777778
9.044444444444444
2.7666666666666666
1.0555555555555556
20.483333333333334
51.044444444444444
11.755555555555556
2.638888888888889
17.455555555555556
96.53888888888889
14.055555555555555
2.9277777777777776
24.63888888888889
96.27777777777777
8.75
5.033333333333333
36.25
61.4
3.938888888888889
5.177777777777778
172.31666666666666
16.75
7.45
4.05
37.705555555555556
1.7833333333333334
2.511111111111111
0.9444444444444444
10.066666666666666
11.88888888888889
4.344444444444444
1.4333333333333333
13.28888888888889
47.97222222222222
12.533333333333333
3.4944444444444445
6.9944444444444445
67.31666666666666
11.727777777777778
3.25
7.694444444444445
56.2
5.133333333333334
3.65
14.8
35.6
2.933333333333333
3.1444444444444444
183.3
14.15
6.9944444444444445
3.111111111111111
36.36666666666667
1.4666666666666666
2.1777777777777776
0.7111111111111111
5.272222222222222
8.566666666666666
2.8777777777777778
1.25
4.666666666666667
21.488888888888887
5.883333333333334
1.15
1.8388888888888888
23.433333333333334
3.35
1.2666666666666666
2.088888888888889
18.961111111111112
1.0833333333333333
1.6333333333333333
3.738888888888889
12.71111111111111
0.7388888888888889
1.1
187.35
11.577777777777778
4.477777777777778
3.8833333333333333
34.81666666666667
1.1944444444444444
1.3444444444444446
1.0666666666666667
3.683333333333333
2.8444444444444446
1.4111111111111112
0.6166666666666667
5.2444444444444445
7.888888888888889
1.5611111111111111
2.861111111111111
3.7111111111111112
9.216666666666667
0.75
3.933333333333333
0.5777777777777777
6.6722222222222225
0.3055555555555556
1.488888888888889
1.5055555555555555
8.566666666666666
1.288888888888889
0.39444444444444443
185.19444444444446
11.272222222222222
2.261111111111111
6.238888888888889
36.827777777777776
2.022222222222222
1.2277777777777779
1.8666666666666667
6.688888888888889
3.1444444444444444
1.0444444444444445
1.8222222222222222
18.855555555555554
21.072222222222223
0.9333333333333333
14.216666666666667
14.105555555555556
36.894444444444446
1.2444444444444445
19.92222222222222
2.966666666666667
36.672222222222224
1.8833333333333333
8.78888888888889
8.905555555555555
47.05
5.833333333333333
4.222222222222222
172.10555555555555
12.916666666666666
1.6777777777777778
9.655555555555555
40.422222222222224
2.338888888888889
1.3111111111111111
3.9833333333333334
7.877777777777778
2.638888888888889
0.38333333333333336
2.311111111111111
20.95
22.066666666666666
0.32222222222222224
16.32777777777778
19.927777777777777
51.73888888888889
1.3888888888888888
26.144444444444446
10.072222222222223
63.077777777777776
2.4833333333333334
15.855555555555556
26.377777777777776
81.23333333333333
7.455555555555556
8.855555555555556
192.0888888888889
66.76666666666667
5.983333333333333
18.95
61.77777777777778
17.883333333333333
4.1722222222222225
5.677777777777778
7.816666666666666
2.172222222222222
0.5777777777777777
1.2555555555555555
11.122222222222222
12.683333333333334
0.22777777777777777
6.688888888888889
18.5
44.227777777777774
0.5388888888888889
13.822222222222223
16.755555555555556
79.76666666666667
0.9833333333333333
14.594444444444445
53.611111111111114
133.13333333333333
7.35
12.916666666666666