2.0055555555555555
24.41111111111111
2.433333333333333
0.48333333333333334
13.883333333333333
32.03333333333333
4.516666666666667
1.5555555555555556
97.46111111111111
45.24444444444445
11.127777777777778
14.3
106.6
46.43888888888889
14.877777777777778
18.86111111111111
27.9
32.7
11.8
4.8
9.566666666666666
12.522222222222222
3.1277777777777778
3.161111111111111
5.261111111111111
5.55
0.5333333333333333
4.677777777777778
13.444444444444445
132.5388888888889
14.3
3.261111111111111
5.127777777777778
112.15
15.633333333333333
1.5555555555555556
42.827777777777776
79.78333333333333
19.116666666666667
8.805555555555555
62.6
51.82222222222222
23.055555555555557
11.177777777777777
21.58888888888889
42.94444444444444
14.644444444444444
3.488888888888889
14.005555555555556
19.883333333333333
4.3277777777777775
8.216666666666667
17.266666666666666
21.683333333333334
1.0555555555555556
21.416666666666668
13.061111111111112
108.9888888888889
17.63888888888889
3.2333333333333334
6.161111111111111
94.80555555555556
18.85
2.5833333333333335
55.81111111111111
68.86111111111111
17.844444444444445
8.85
85.75555555555556
22.65
12.555555555555555
7.916666666666667
20.833333333333332
11.061111111111112
4.166666666666667
2.15
12.983333333333333
15.577777777777778
2.0
13.005555555555556
30.755555555555556
46.78888888888889
1.761111111111111
42.272222222222226
40.84444444444444
45.42777777777778
28.261111111111113
2.2444444444444445
26.927777777777777
73.21111111111111
31.67222222222222
4.055555555555555
60.38333333333333
60.13333333333333
17.416666666666668
12.9
86.06111111111112
11.194444444444445
8.0
9.277777777777779
22.127777777777776
0.9222222222222223
1.2666666666666666
2.172222222222222
9.722222222222221
9.0
0.9722222222222222
9.272222222222222
32.9
46.355555555555554
2.2
34.68888888888889
83.16111111111111
43.72222222222222
18.761111111111113
16.77777777777778
48.32222222222222
51.46111111111111
19.344444444444445
15.005555555555556
67.82222222222222
35.522222222222226
17.47222222222222
9.694444444444445
85.27777777777777
6.416666666666667
10.7
6.416666666666667
20.95
0.5111111111111111
2.0722222222222224
1.488888888888889
16.07777777777778
4.588888888888889
3.3666666666666667
3.888888888888889
48.84444444444444
25.31111111111111
7.555555555555555
15.28888888888889
42.227777777777774
39.68888888888889
2.9722222222222223
22.344444444444445
27.6
67.43888888888888
8.494444444444444
23.144444444444446
57.40555555555556
51.388888888888886
16.65
14.633333333333333
76.69444444444444
10.588888888888889
10.755555555555556
11.172222222222222
18.927777777777777
4.561111111111111
6.1722222222222225
3.0722222222222224
25.261111111111113
9.53888888888889
18.72222222222222
1.6444444444444444
73.87222222222222
21.67222222222222
26.905555555555555
8.65
8.305555555555555
15.305555555555555
0.48333333333333334
6.594444444444444
11.8
34.5
2.7055555555555557
9.916666666666666
49.44444444444444
47.33888888888889
5.844444444444444
28.97222222222222
64.25
97.83888888888889
8.794444444444444
56.68333333333333
20.57777777777778
156.8111111111111
32.99444444444445
25.016666666666666
22.866666666666667
117.57222222222222
62.77777777777778
2.4944444444444445
51.71111111111111
67.07777777777778
56.62222222222222
2.8666666666666667