9.55
4.011111111111111
3.4555555555555557
0.06111111111111111
55.68888888888889
27.466666666666665
18.822222222222223
1.0222222222222221
99.66111111111111
70.93333333333334
21.06111111111111
15.155555555555555
74.57222222222222
43.71111111111111
3.55
24.666666666666668
17.9
4.688888888888889
0.12777777777777777
6.361111111111111
0.35
0.07222222222222222
0.0
0.08888888888888889
0.0
0.0
0.0
0.0
23.177777777777777
11.366666666666667
13.566666666666666
0.1111111111111111
58.49444444444445
18.766666666666666
34.6
0.42777777777777776
51.77777777777778
34.18333333333333
23.07777777777778
11.727777777777778
63.90555555555556
25.56111111111111
2.811111111111111
37.68888888888889
39.172222222222224
6.272222222222222
0.37222222222222223
21.094444444444445
3.3666666666666667
0.3888888888888889
0.005555555555555556
1.4722222222222223
0.0
0.0
0.0
0.0
49.88333333333333
28.33888888888889
32.233333333333334
0.5333333333333333
57.016666666666666
12.805555555555555
39.75
0.027777777777777776
28.522222222222222
8.205555555555556
13.85
4.344444444444444
49.638888888888886
11.355555555555556
1.1333333333333333
35.416666666666664
62.83888888888889
9.472222222222221
0.5722222222222222
46.30555555555556
15.544444444444444
2.7
0.07777777777777778
10.366666666666667
0.3055555555555556
0.07222222222222222
0.0
0.2111111111111111
71.87777777777778
45.15
37.25555555555555
1.0277777777777777
37.92777777777778
6.488888888888889
24.216666666666665
0.0
8.3
0.7722222222222223
3.816666666666667
0.4222222222222222
18.044444444444444
2.9555555555555557
0.2
14.455555555555556
61.15555555555556
9.738888888888889
0.8333333333333334
52.96111111111111
41.52777777777778
8.494444444444444
0.37222222222222223
33.861111111111114
5.427777777777778
2.0
0.022222222222222223
3.5388888888888888
72.56111111111112
41.16111111111111
21.47222222222222
0.9722222222222222
20.02777777777778
3.1
9.383333333333333
0.0
1.788888888888889
0.07222222222222222
0.6055555555555555
0.022222222222222223
2.938888888888889
0.5722222222222222
0.022222222222222223
2.3333333333333335
36.455555555555556
5.977777777777778
0.3611111111111111
29.35
60.84444444444444
15.027777777777779
0.5222222222222223
51.09444444444444
27.56111111111111
12.78888888888889
0.05555555555555555
18.572222222222223
50.42777777777778
26.005555555555556
7.905555555555556
1.05
9.061111111111112
1.5333333333333334
2.5055555555555555
0.0
0.20555555555555555
0.0
0.07222222222222222
0.0
0.12777777777777777
0.0
0.0
0.03888888888888889
11.561111111111112
1.8388888888888888
0.05555555555555555
7.9
53.18888888888889
13.122222222222222
0.12777777777777777
38.26111111111111
72.02222222222223
35.36666666666667
0.1111111111111111
44.37777777777778
26.733333333333334
19.705555555555556
2.216666666666667
0.5
3.838888888888889
1.0444444444444445
0.6944444444444444
0.0
0.0
0.0
0.0
0.0
0.0
0.0
0.0
0.0
1.55
0.19444444444444445
0.0
0.7777777777777778
32.172222222222224
10.722222222222221
0.022222222222222223
17.05
180.82222222222222
103.19444444444444
2.6777777777777776
71.16111111111111