15.15
9.877777777777778
0.21666666666666667
3.8222222222222224
23.833333333333332
9.36111111111111
0.6
7.072222222222222
30.177777777777777
6.8277777777777775
1.2222222222222223
8.427777777777777
89.70555555555555
20.216666666666665
7.7555555555555555
25.755555555555556
83.86666666666666
24.0
13.677777777777777
20.355555555555554
22.833333333333332
27.1
9.627777777777778
3.738888888888889
23.583333333333332
32.21111111111111
4.25
7.8
29.394444444444446
15.083333333333334
0.43333333333333335
11.433333333333334
48.99444444444445
12.883333333333333
1.3944444444444444
19.67222222222222
32.30555555555556
9.733333333333333
4.7
9.616666666666667
43.544444444444444
21.36111111111111
15.938888888888888
10.6
47.638888888888886
47.37777777777778
25.92222222222222
10.783333333333333
12.95
73.64444444444445
17.355555555555554
5.427777777777778
49.18333333333333
72.66111111111111
8.805555555555555
26.916666666666668
27.8
16.538888888888888
3.5722222222222224
11.922222222222222
61.56111111111111
21.405555555555555
5.988888888888889
25.933333333333334
41.355555555555554
40.16111111111111
22.727777777777778
14.28888888888889
23.35
63.21111111111111
43.922222222222224
4.116666666666666
23.1
70.45555555555555
33.63333333333333
4.633333333333334
10.055555555555555
75.73333333333333
18.25
5.538888888888889
111.05
70.85555555555555
28.244444444444444
34.75
19.06111111111111
68.37777777777778
27.166666666666668
5.572222222222222
39.8
52.25
24.966666666666665
16.016666666666666
47.77777777777778
46.205555555555556
29.444444444444443
18.52777777777778
24.305555555555557
41.983333333333334
29.405555555555555
6.472222222222222
15.977777777777778
30.683333333333334
13.827777777777778
3.033333333333333
10.816666666666666
34.53333333333333
23.07777777777778
1.9388888888888889
99.95
41.55
68.06111111111112
8.083333333333334
16.266666666666666
106.25555555555556
43.72222222222222
3.6444444444444444
18.716666666666665
48.30555555555556
24.95
13.03888888888889
61.227777777777774
20.905555555555555
7.344444444444444
43.62222222222222
39.672222222222224
10.183333333333334
3.811111111111111
25.066666666666666
10.322222222222223
27.227777777777778
8.022222222222222
4.383333333333334
8.644444444444444
56.4
30.083333333333332
1.95
22.92222222222222
45.705555555555556
52.45
0.34444444444444444
7.972222222222222
32.18888888888889
15.355555555555556
1.6944444444444444
7.272222222222222
7.138888888888889
5.4222222222222225
5.055555555555555
45.233333333333334
6.1722222222222225
1.5722222222222222
36.24444444444445
57.34444444444444
9.105555555555556
2.2944444444444443
52.422222222222224
13.866666666666667
15.28888888888889
3.6222222222222222
15.988888888888889
2.2888888888888888
20.072222222222223
7.027777777777778
2.2222222222222223
0.7944444444444444
10.561111111111112
5.777777777777778
0.2111111111111111
4.044444444444444
3.75
2.861111111111111
0.23333333333333334
1.7944444444444445
0.1388888888888889
0.4777777777777778
0.7111111111111111
26.38888888888889
3.0833333333333335
0.5666666666666667
16.583333333333332
77.92777777777778
19.5
2.6222222222222222
63.52777777777778
57.94444444444444
27.45
3.138888888888889
54.27777777777778
10.977777777777778
11.88888888888889
1.038888888888889
11.738888888888889
1.9722222222222223
4.716666666666667
0.26666666666666666
2.2888888888888888