21.7
70.2
8.838888888888889
4.683333333333334
23.433333333333334
125.26666666666667
17.394444444444446
7.95
57.52777777777778
130.7722222222222
17.86111111111111
19.13888888888889
90.06666666666666
55.16111111111111
13.166666666666666
16.738888888888887
47.43888888888889
11.188888888888888
4.4222222222222225
6.083333333333333
41.57222222222222
14.772222222222222
1.0611111111111111
7.605555555555555
21.15
8.833333333333334
1.0888888888888888
3.1277777777777778
5.361111111111111
19.42222222222222
4.194444444444445
0.8888888888888888
7.561111111111111
18.377777777777776
4.011111111111111
1.3722222222222222
71.9888888888889
12.383333333333333
10.266666666666667
5.516666666666667
97.25
6.022222222222222
16.522222222222222
4.3277777777777775
37.544444444444444
6.344444444444444
5.222222222222222
3.1222222222222222
77.33888888888889
13.061111111111112
5.25
9.472222222222221
48.87777777777778
19.15
4.472222222222222
6.5777777777777775
1.5944444444444446
9.966666666666667
4.855555555555555
0.09444444444444444
7.05
24.666666666666668
10.488888888888889
0.5944444444444444
63.18888888888889
30.055555555555557
24.905555555555555
4.205555555555556
64.92777777777778
49.705555555555556
21.65
8.827777777777778
25.08888888888889
70.88333333333334
11.522222222222222
6.761111111111111
72.80555555555556
39.522222222222226
14.616666666666667
10.3
59.28333333333333
63.85
10.877777777777778
14.588888888888889
20.977777777777778
37.605555555555554
35.516666666666666
0.6888888888888889
15.672222222222222
66.86111111111111
40.18888888888889
2.4
48.86666666666667
51.62777777777778
36.12222222222222
7.527777777777778
32.92777777777778
67.77222222222223
24.52777777777778
8.094444444444445
25.005555555555556
84.8
10.238888888888889
10.477777777777778
66.42777777777778
46.13333333333333
14.722222222222221
12.783333333333333
56.272222222222226
87.84444444444445
12.2
20.127777777777776
88.47222222222223
47.044444444444444
57.94444444444444
6.216666666666667
38.894444444444446
39.46666666666667
42.37222222222222
3.7777777777777777
82.86111111111111
19.533333333333335
36.30555555555556
3.6444444444444444
36.416666666666664
13.177777777777777
12.877777777777778
1.6055555555555556
45.455555555555556
14.938888888888888
9.627777777777778
3.0555555555555554
95.65
16.127777777777776
19.816666666666666
4.905555555555556
49.611111111111114
43.52777777777778
8.261111111111111
13.822222222222223
123.92222222222222
47.138888888888886
26.77777777777778
25.516666666666666
46.38333333333333
29.988888888888887
37.12222222222222
5.25
65.85555555555555
8.333333333333334
33.672222222222224
0.5722222222222222
24.31111111111111
1.011111111111111
7.472222222222222
0.06111111111111111
61.922222222222224
2.1444444444444444
20.67222222222222
0.31666666666666665
88.18888888888888
5.688888888888889
25.155555555555555
1.1666666666666667
30.11111111111111
11.155555555555555
4.633333333333334
4.555555555555555
82.3
86.38888888888889
10.127777777777778
43.605555555555554
35.50555555555555
72.83333333333333
36.82222222222222
9.794444444444444
35.87777777777778
16.52777777777778
26.144444444444446
0.38333333333333336
30.783333333333335
8.572222222222223
13.666666666666666
0.34444444444444444
93.5111111111111
19.783333333333335
40.74444444444445
1.1944444444444444
70.96111111111111
12.605555555555556
25.65
1.1388888888888888
13.75
3.8222222222222224
2.3722222222222222
0.4222222222222222