64.6
45.361111111111114
2.422222222222222
3.0722222222222224
15.7
5.916666666666667
0.5055555555555555
0.9666666666666667
0.8222222222222222
0.05555555555555555
0.011111111111111112
0.0
5.7555555555555555
1.15
0.15555555555555556
0.8722222222222222
60.02777777777778
14.8
1.038888888888889
14.755555555555556
101.07777777777778
34.2
1.1222222222222222
32.644444444444446
67.45
32.40555555555556
0.37777777777777777
20.033333333333335
108.78333333333333
44.105555555555554
2.9833333333333334
6.572222222222222
23.794444444444444
4.538888888888889
0.5111111111111111
1.5888888888888888
1.1111111111111112
0.06666666666666667
0.016666666666666666
0.07222222222222222
0.8777777777777778
0.16666666666666666
0.0
0.32222222222222224
15.85
1.9944444444444445
0.1111111111111111
7.833333333333333
52.65555555555556
11.905555555555555
0.18333333333333332
25.88888888888889
94.59444444444445
31.227777777777778
0.016666666666666666
28.56111111111111
151.5222222222222
35.84444444444444
1.9444444444444444
10.222222222222221
37.47222222222222
5.566666666666666
0.37222222222222223
3.7444444444444445
1.9722222222222223
0.2222222222222222
0.005555555555555556
0.45555555555555555
0.18888888888888888
0.027777777777777776
0.0
0.016666666666666666
5.188888888888889
0.6722222222222223
0.005555555555555556
2.2444444444444445
36.80555555555556
8.194444444444445
0.08333333333333333
11.883333333333333
136.2722222222222
30.9
0.31666666666666665
26.344444444444445
147.55555555555554
29.56111111111111
0.6444444444444445
14.36111111111111
50.96666666666667
6.777777777777778
0.08888888888888889
8.0
6.088888888888889
0.46111111111111114
0.07222222222222222
1.211111111111111
1.2277777777777779
0.18333333333333332
0.21666666666666667
0.016666666666666666
2.0444444444444443
0.38333333333333336
0.13333333333333333
0.39444444444444443
22.75
5.066666666666666
0.17777777777777778
3.9944444444444445
145.46666666666667
27.58888888888889
1.7833333333333334
16.383333333333333
117.21666666666667
25.016666666666666
0.1111111111111111
15.855555555555556
65.00555555555556
8.355555555555556
0.2777777777777778
15.294444444444444
15.705555555555556
1.5722222222222222
1.2666666666666666
4.022222222222222
5.622222222222222
0.8666666666666667
1.961111111111111
0.1388888888888889
2.261111111111111
0.3111111111111111
0.48333333333333334
0.03333333333333333
14.261111111111111
3.3833333333333333
0.35
1.2166666666666666
116.76666666666667
24.02777777777778
4.155555555555556
7.605555555555555
75.97222222222223
19.36111111111111
0.08888888888888889
14.177777777777777
70.18888888888888
15.46111111111111
0.9611111111111111
25.488888888888887
34.25555555555555
10.066666666666666
4.911111111111111
11.144444444444444
12.705555555555556
2.422222222222222
4.05
0.6222222222222222
2.1222222222222222
0.4
0.6777777777777778
0.011111111111111112
10.322222222222223
2.9444444444444446
0.6444444444444445
0.36666666666666664
78.44444444444444
20.572222222222223
4.2444444444444445
3.138888888888889
45.827777777777776
19.022222222222222
0.21666666666666667
13.166666666666666
81.17777777777778
46.31111111111111
4.0777777777777775
36.43333333333333
75.75555555555556
44.705555555555556
10.844444444444445
24.261111111111113
27.86111111111111
9.244444444444444
6.4222222222222225
2.55
2.272222222222222
0.5555555555555556
0.6722222222222223
0.0
9.583333333333334
4.8
1.4166666666666667
0.16666666666666666
56.36666666666667
26.63888888888889
4.3277777777777775
1.6888888888888889