7.583333333333333
4.666666666666667
0.6555555555555556
1.0055555555555555
71.2
17.794444444444444
2.8777777777777778
8.705555555555556
146.75555555555556
25.116666666666667
6.055555555555555
18.43888888888889
54.638888888888886
9.4
6.3
6.583333333333333
5.177777777777778
20.666666666666668
10.883333333333333
2.0722222222222224
6.111111111111111
29.02777777777778
6.377777777777778
7.616666666666666
8.016666666666667
11.7
0.8
7.272222222222222
14.305555555555555
48.766666666666666
12.955555555555556
2.938888888888889
41.294444444444444
39.96111111111111
14.494444444444444
5.85
100.18888888888888
16.31111111111111
13.183333333333334
9.094444444444445
50.47222222222222
24.194444444444443
32.016666666666666
4.405555555555556
10.216666666666667
63.922222222222224
41.52777777777778
4.411111111111111
20.155555555555555
67.87222222222222
12.96111111111111
25.711111111111112
41.71666666666667
26.677777777777777
2.0
30.505555555555556
37.96111111111111
95.27777777777777
30.7
7.0055555555555555
53.166666666666664
47.91111111111111
25.33888888888889
8.96111111111111
77.68333333333334
22.42222222222222
29.211111111111112
8.516666666666667
46.46666666666667
31.43888888888889
57.15
4.122222222222222
9.416666666666666
37.95
33.577777777777776
2.5444444444444443
37.26111111111111
29.761111111111113
7.383333333333334
20.761111111111113
114.86666666666666
16.583333333333332
4.216666666666667
36.03333333333333
53.87222222222222
39.47222222222222
24.33888888888889
4.705555555555556
62.644444444444446
22.444444444444443
31.211111111111112
6.133333333333334
66.82222222222222
17.444444444444443
33.18888888888889
6.533333333333333
46.46111111111111
11.172222222222222
28.95
2.261111111111111
8.044444444444444
21.65
13.277777777777779
2.438888888888889
37.772222222222226
24.58888888888889
7.4944444444444445
9.055555555555555
151.0888888888889
13.75
11.972222222222221
16.6
71.53333333333333
16.005555555555556
30.522222222222222
1.8055555555555556
54.422222222222224
18.572222222222223
32.388888888888886
4.205555555555556
87.88333333333334
11.55
16.244444444444444
6.588888888888889
73.22222222222223
5.611111111111111
12.972222222222221
3.0833333333333335
39.05555555555556
41.71666666666667
25.255555555555556
6.194444444444445
37.92777777777778
61.022222222222226
17.11111111111111
18.227777777777778
122.37222222222222
32.83888888888889
19.755555555555556
23.41111111111111
91.37777777777778
26.238888888888887
35.52777777777778
1.3222222222222222
60.605555555555554
12.533333333333333
22.988888888888887
2.9055555555555554
108.65555555555555
4.866666666666666
5.844444444444444
5.8
95.72777777777777
2.566666666666667
7.227777777777778
8.144444444444444
82.93333333333334
28.377777777777776
20.694444444444443
17.738888888888887
56.57222222222222
46.06666666666667
27.8
17.505555555555556
96.15555555555555
44.955555555555556
22.16111111111111
38.35
88.33333333333333
53.43333333333333
24.238888888888887
5.45
67.46111111111111
17.144444444444446
11.86111111111111
5.866666666666666
136.10555555555555
23.32777777777778
6.961111111111111
11.716666666666667
97.17777777777778
15.022222222222222
4.911111111111111
14.677777777777777
66.22222222222223
52.80555555555556
12.05
37.05555555555556
49.75555555555555
75.18888888888888
41.88333333333333
19.016666666666666
85.49444444444444
61.861111111111114
28.56111111111111
28.305555555555557