2.5166666666666666
19.344444444444445
2.088888888888889
0.38333333333333336
21.122222222222224
30.6
5.644444444444445
2.111111111111111
103.07777777777778
44.93333333333333
13.011111111111111
14.844444444444445
75.45555555555555
45.59444444444444
16.183333333333334
12.655555555555555
14.977777777777778
29.6
9.86111111111111
3.05
31.13888888888889
20.58888888888889
3.0444444444444443
16.82777777777778
46.727777777777774
41.36666666666667
1.2833333333333334
36.388888888888886
10.094444444444445
95.9
13.144444444444444
2.5722222222222224
11.4
93.75
16.43888888888889
3.2555555555555555
59.638888888888886
57.888888888888886
20.083333333333332
10.78888888888889
50.455555555555556
52.5
24.22222222222222
9.355555555555556
12.061111111111112
37.56666666666667
12.772222222222222
2.4
12.555555555555555
14.35
2.0555555555555554
9.094444444444445
38.43888888888889
42.394444444444446
2.0722222222222224
35.83888888888889
9.033333333333333
88.8
12.627777777777778
2.8833333333333333
13.122222222222222
64.4888888888889
11.116666666666667
2.7944444444444443
85.08333333333333
36.72222222222222
11.427777777777777
10.311111111111112
70.82222222222222
32.733333333333334
13.577777777777778
7.366666666666666
6.205555555555556
44.21666666666667
8.055555555555555
3.7888888888888888
5.927777777777778
31.372222222222224
2.2666666666666666
10.5
26.866666666666667
39.42777777777778
2.2222222222222223
32.26111111111111
2.25
18.738888888888887
6.5055555555555555
0.49444444444444446
13.166666666666666
30.233333333333334
17.166666666666668
0.7444444444444445
69.92777777777778
36.26111111111111
26.105555555555554
6.894444444444445
54.12777777777778
68.60555555555555
27.655555555555555
9.6
7.4222222222222225
103.42777777777778
16.13888888888889
15.155555555555555
12.494444444444444
68.99444444444444
3.7333333333333334
33.77777777777778
36.83888888888889
43.166666666666664
2.4
38.31666666666667
26.738888888888887
33.99444444444445
31.572222222222223
0.7277777777777777
21.383333333333333
56.55
46.37777777777778
1.3333333333333333
64.94444444444444
44.23888888888889
31.88888888888889
6.416666666666667
63.37222222222222
32.15555555555556
20.13888888888889
4.444444444444445
12.11111111111111
37.644444444444446
7.038888888888889
9.194444444444445
40.52777777777778
28.35
3.7333333333333334
27.944444444444443
94.54444444444445
27.06111111111111
8.733333333333333
31.17222222222222
86.27777777777777
44.09444444444444
30.966666666666665
13.338888888888889
45.916666666666664
37.68333333333333
26.82777777777778
9.55
94.87222222222222
19.016666666666666
17.9
4.522222222222222
76.3
3.55
8.116666666666667
1.8777777777777778
14.183333333333334
3.1944444444444446
3.977777777777778
1.4222222222222223
52.05
6.716666666666667
19.3
4.866666666666666
108.95555555555555
17.133333333333333
29.155555555555555
6.7444444444444445
76.96111111111111
81.18888888888888
6.222222222222222
41.85
42.28888888888889
125.65555555555555
16.005555555555556
36.394444444444446
78.21111111111111
88.45
33.71666666666667
10.8
60.82222222222222
19.961111111111112
16.511111111111113
2.5944444444444446
31.933333333333334
36.59444444444444
21.194444444444443
6.611111111111111
54.388888888888886
56.21666666666667
59.955555555555556
4.538888888888889
56.43333333333333
36.81111111111111
46.233333333333334
0.5333333333333333