7.4222222222222225
5.55
0.5555555555555556
0.7833333333333333
17.77777777777778
4.511111111111111
6.688888888888889
0.5666666666666667
65.32777777777778
37.37222222222222
35.78888888888889
8.522222222222222
77.95555555555555
74.76666666666667
30.766666666666666
41.71111111111111
58.083333333333336
48.37777777777778
7.1722222222222225
42.96666666666667
17.2
28.427777777777777
2.061111111111111
12.311111111111112
8.2
15.116666666666667
0.7166666666666667
8.766666666666667
38.52777777777778
25.288888888888888
1.8944444444444444
10.066666666666666
33.68888888888889
4.016666666666667
9.894444444444444
1.2333333333333334
65.47777777777777
21.216666666666665
31.544444444444444
4.694444444444445
51.416666666666664
48.083333333333336
32.66111111111111
13.383333333333333
53.4
52.38333333333333
17.3
21.205555555555556
24.883333333333333
76.3
7.538888888888889
26.033333333333335
34.55
54.5
2.783333333333333
44.53333333333333
110.74444444444444
43.83888888888889
7.5
32.21666666666667
48.74444444444445
13.511111111111111
26.2
5.388888888888889
55.827777777777776
33.53888888888889
48.083333333333336
6.027777777777778
38.644444444444446
48.11666666666667
34.666666666666664
8.172222222222222
80.7
31.955555555555556
13.077777777777778
14.78888888888889
51.08888888888889
37.21111111111111
7.511111111111111
17.055555555555557
120.33888888888889
46.28333333333333
8.561111111111112
64.2611111111111
140.9
29.63888888888889
14.533333333333333
31.794444444444444
58.97222222222222
26.261111111111113
42.78888888888889
12.033333333333333
61.355555555555554
22.083333333333332
29.194444444444443
19.122222222222224
48.72222222222222
14.016666666666667
9.333333333333334
13.472222222222221
104.8
7.3
6.822222222222222
8.2
68.97222222222223
9.366666666666667
9.355555555555556
4.883333333333334
162.46666666666667
19.383333333333333
39.522222222222226
16.56111111111111
109.55555555555556
24.044444444444444
14.227777777777778
19.016666666666666
58.388888888888886
17.372222222222224
25.7
11.761111111111111
38.95
21.372222222222224
9.027777777777779
32.294444444444444
42.733333333333334
40.53333333333333
7.644444444444445
35.81111111111111
80.6
33.00555555555555
16.43888888888889
13.277777777777779
47.87222222222222
48.28888888888889
30.08888888888889
5.938888888888889
74.67777777777778
51.577777777777776
77.54444444444445
0.7666666666666667
51.605555555555554
22.65
6.55
9.95
28.511111111111113
10.85
7.2
5.894444444444445
11.911111111111111
10.438888888888888
3.772222222222222
12.71111111111111
39.62222222222222
34.66111111111111
15.011111111111111
23.47222222222222
61.66111111111111
42.17777777777778
27.877777777777776
12.527777777777779
23.405555555555555
59.56666666666667
30.52777777777778
3.688888888888889
10.144444444444444
34.766666666666666
32.272222222222226
0.1388888888888889
9.78888888888889
8.733333333333333
1.4333333333333333
2.511111111111111
7.188888888888889
10.13888888888889
4.144444444444445
1.4166666666666667
16.916666666666668
24.08888888888889
21.0
2.061111111111111
68.89444444444445
45.144444444444446
57.56666666666667
4.55
76.84444444444445
29.583333333333332
46.888888888888886
2.3833333333333333
17.627777777777776
10.716666666666667
9.35
0.38333333333333336
0.75
2.8777777777777778
1.5833333333333333
0.011111111111111112