3.3777777777777778
3.1944444444444446
0.20555555555555555
0.5444444444444444
45.63333333333333
14.822222222222223
2.2555555555555555
7.4
133.62777777777777
28.255555555555556
4.905555555555556
18.444444444444443
78.7611111111111
11.03888888888889
4.161111111111111
8.672222222222222
17.738888888888887
9.65
17.08888888888889
1.8666666666666667
36.53888888888889
22.383333333333333
21.15
5.783333333333333
26.82777777777778
14.922222222222222
5.9944444444444445
3.3222222222222224
7.644444444444445
32.46666666666667
7.916666666666667
1.8388888888888888
30.55
33.15
11.072222222222223
3.727777777777778
94.94444444444444
17.711111111111112
9.722222222222221
7.5777777777777775
70.56666666666666
7.311111111111111
19.43888888888889
4.538888888888889
39.75
21.25
48.24444444444445
3.6555555555555554
74.80555555555556
22.372222222222224
32.78333333333333
8.938888888888888
45.66111111111111
8.738888888888889
8.88888888888889
3.0
32.34444444444444
85.49444444444444
27.533333333333335
6.861111111111111
41.46111111111111
52.40555555555556
23.522222222222222
7.033333333333333
81.34444444444445
22.61111111111111
19.316666666666666
8.483333333333333
68.34444444444445
18.522222222222222
46.46111111111111
5.883333333333334
58.577777777777776
20.3
53.65
3.35
113.29444444444445
9.55
21.66111111111111
5.605555555555555
51.43333333333333
2.922222222222222
6.3277777777777775
1.6166666666666667
52.78333333333333
55.077777777777776
25.127777777777776
6.466666666666667
63.672222222222224
26.833333333333332
27.05
6.055555555555555
67.80555555555556
21.1
29.77777777777778
7.061111111111111
57.75
15.077777777777778
43.355555555555554
3.783333333333333
52.51111111111111
5.927777777777778
20.633333333333333
2.561111111111111
122.58888888888889
1.8722222222222222
8.627777777777778
6.488888888888889
48.62777777777778
1.8
3.5833333333333335
2.577777777777778
61.16111111111111
18.961111111111112
23.116666666666667
3.0722222222222224
55.266666666666666
25.716666666666665
32.483333333333334
4.9
65.24444444444444
23.566666666666666
28.772222222222222
6.283333333333333
59.52777777777778
4.877777777777778
14.116666666666667
3.033333333333333
39.916666666666664
0.6555555555555556
3.2333333333333334
3.8833333333333333
111.82777777777778
2.561111111111111
3.4444444444444446
18.1
50.105555555555554
7.627777777777778
4.794444444444444
11.927777777777777
69.71111111111111
29.272222222222222
35.00555555555555
3.1333333333333333
46.49444444444445
23.122222222222224
31.127777777777776
3.5
88.42777777777778
13.594444444444445
13.827777777777778
6.205555555555556
70.05
1.7444444444444445
2.9611111111111112
3.511111111111111
23.866666666666667
0.4666666666666667
0.28888888888888886
4.233333333333333
71.96666666666667
7.3277777777777775
1.7944444444444445
32.48888888888889
53.68888888888889
38.022222222222226
8.194444444444445
37.727777777777774
71.35555555555555
54.983333333333334
28.294444444444444
5.633333333333334
54.977777777777774
25.105555555555554
17.927777777777777
5.677777777777778
119.9888888888889
28.372222222222224
9.13888888888889
11.844444444444445
90.31666666666666
15.61111111111111
4.338888888888889
5.9
14.872222222222222
1.3722222222222222
0.25
2.5277777777777777
30.166666666666668
14.955555555555556
0.7777777777777778
28.42222222222222
64.58888888888889
116.52777777777777
15.172222222222222
65.95555555555555