24.833333333333332
49.33888888888889
2.161111111111111
4.811111111111111
22.333333333333332
69.47222222222223
2.4555555555555557
12.96111111111111
22.022222222222222
110.20555555555555
2.811111111111111
29.627777777777776
19.07777777777778
116.5
2.477777777777778
36.74444444444445
14.683333333333334
74.62777777777778
1.65
21.305555555555557
7.805555555555555
34.15555555555556
0.7722222222222223
7.5777777777777775
5.3
17.761111111111113
0.2722222222222222
3.3333333333333335
64.87222222222222
47.27777777777778
7.144444444444445
5.583333333333333
30.866666666666667
22.733333333333334
5.75
2.9277777777777776
10.244444444444444
14.727777777777778
2.7555555555555555
2.75
5.605555555555555
20.72222222222222
2.0444444444444443
5.138888888888889
4.6
23.344444444444445
1.6722222222222223
5.3277777777777775
3.0444444444444443
16.416666666666668
0.8166666666666667
2.7111111111111112
2.5277777777777777
9.922222222222222
0.3888888888888889
1.5611111111111111
115.1
41.91111111111111
10.405555555555555
6.483333333333333
45.21666666666667
32.916666666666664
8.46111111111111
4.105555555555555
12.522222222222222
44.21111111111111
8.488888888888889
1.6
4.405555555555556
59.90555555555556
7.55
1.3277777777777777
0.9833333333333333
64.88888888888889
3.533333333333333
3.5277777777777777
0.8888888888888888
48.43888888888889
0.6944444444444444
8.1
3.7333333333333334
27.55
0.19444444444444445
8.733333333333333
93.57222222222222
65.17222222222222
9.016666666666667
9.705555555555556
24.183333333333334
78.7388888888889
16.85
6.438888888888889
6.366666666666666
102.0111111111111
21.43888888888889
2.327777777777778
2.488888888888889
113.81111111111112
14.977777777777778
3.388888888888889
0.9722222222222222
115.82777777777778
5.238888888888889
8.761111111111111
7.394444444444445
99.64444444444445
1.7166666666666666
23.355555555555554
50.03333333333333
76.08333333333333
1.7777777777777777
37.227777777777774
35.227777777777774
65.88333333333334
6.622222222222222
6.288888888888889
5.277777777777778
47.62222222222222
13.61111111111111
2.4444444444444446
1.5555555555555556
38.62777777777778
11.283333333333333
1.011111111111111
0.8777777777777778
30.761111111111113
5.411111111111111
1.2722222222222221
1.961111111111111
31.56111111111111
2.7944444444444443
3.2944444444444443
17.5
41.16111111111111
7.288888888888889
11.45
122.03888888888889
54.90555555555556
18.522222222222222
27.544444444444444
7.105555555555555
26.57777777777778
1.5722222222222222
2.3444444444444446
1.6555555555555554
12.772222222222222
2.338888888888889
1.8777777777777778
0.7333333333333333
8.583333333333334
2.0444444444444443
1.0722222222222222
1.011111111111111
13.233333333333333
5.388888888888889
0.28888888888888886
4.355555555555555
26.41111111111111
16.616666666666667
0.12777777777777777
18.255555555555556
42.922222222222224
31.22222222222222
0.7333333333333333
87.14444444444445
54.21111111111111
42.43333333333333
3.511111111111111
15.272222222222222
49.62222222222222
1.3722222222222222
5.155555555555556
9.422222222222222
69.5
4.794444444444444
6.227777777777778
10.005555555555556
107.43888888888888
14.9
4.822222222222222
12.005555555555556
129.69444444444446
33.355555555555554
2.588888888888889
13.266666666666667
120.90555555555555
49.40555555555556
0.8111111111111111
18.211111111111112
83.17777777777778
46.077777777777776
0.17777777777777778
28.944444444444443
51.62222222222222
29.81111111111111
0.0