123.88888888888889
103.85555555555555
2.8555555555555556
18.31111111111111
71.57222222222222
40.5
0.95
13.677777777777777
29.583333333333332
9.416666666666666
0.3888888888888889
5.177777777777778
5.616666666666666
1.9
2.4944444444444445
0.4666666666666667
14.21111111111111
8.938888888888888
10.85
0.34444444444444444
24.133333333333333
19.25
14.255555555555556
1.1055555555555556
23.57777777777778
20.16111111111111
7.888888888888889
1.0055555555555555
69.91111111111111
33.888888888888886
1.0888888888888888
12.066666666666666
61.272222222222226
22.43888888888889
0.7277777777777777
15.883333333333333
36.75
14.083333333333334
2.977777777777778
9.833333333333334
10.905555555555555
15.03888888888889
16.961111111111112
1.3722222222222222
14.63888888888889
27.955555555555556
34.87222222222222
0.4444444444444444
15.75
32.11666666666667
27.716666666666665
0.8055555555555556
11.866666666666667
24.9
10.583333333333334
1.1611111111111112
44.03888888888889
19.35
1.0
7.522222222222222
52.13333333333333
26.544444444444444
3.8333333333333335
15.766666666666667
38.98888888888889
38.07222222222222
15.86111111111111
14.133333333333333
16.455555555555556
46.06111111111111
42.51111111111111
3.2944444444444443
11.838888888888889
45.5
45.43888888888889
0.7111111111111111
6.822222222222222
32.57222222222222
22.22222222222222
0.6055555555555555
5.561111111111111
18.15
6.533333333333333
0.7666666666666667
27.844444444444445
21.55
6.15
3.466666666666667
37.43888888888889
35.227777777777774
19.06111111111111
6.9944444444444445
31.083333333333332
44.91111111111111
34.2
5.661111111111111
15.088888888888889
38.955555555555556
37.577777777777776
1.6888888888888889
5.461111111111111
22.427777777777777
18.072222222222223
0.2388888888888889
1.3111111111111111
9.1
4.622222222222222
0.2
0.7888888888888889
3.8833333333333333
0.9722222222222222
0.1
52.48888888888889
42.18888888888889
16.344444444444445
1.511111111111111
41.77777777777778
34.80555555555556
26.07777777777778
1.6722222222222223
27.855555555555554
25.933333333333334
25.31111111111111
0.9777777777777777
8.427777777777777
10.783333333333333
10.86111111111111
0.29444444444444445
1.1222222222222222
3.061111111111111
2.2111111111111112
0.05
0.08888888888888889
2.4555555555555557
1.0444444444444445
0.0
1.9444444444444444
8.011111111111111
2.1666666666666665
0.5333333333333333
81.72777777777777
43.983333333333334
8.855555555555556
8.988888888888889
48.00555555555555
31.255555555555556
8.572222222222223
11.322222222222223
23.744444444444444
26.755555555555556
5.088888888888889
8.38888888888889
5.061111111111111
22.1
1.8055555555555556
2.8777777777777778
1.3444444444444446
22.894444444444446
2.7055555555555557
0.7444444444444445
1.8722222222222222
28.63888888888889
6.188888888888889
0.3
16.15
55.9
10.505555555555556
3.4555555555555557
56.87777777777778
63.19444444444444
0.4888888888888889
19.872222222222224
32.022222222222226
97.05
0.5277777777777778
29.866666666666667
19.127777777777776
151.29444444444445
1.1777777777777778
26.522222222222222
6.555555555555555
182.17777777777778
4.466666666666667
12.866666666666667
5.205555555555556
184.4777777777778
10.705555555555556
4.622222222222222
8.877777777777778
170.64444444444445
17.45
2.0833333333333335
63.71666666666667
195.9611111111111
29.405555555555555
7.127777777777778