4.9222222222222225
14.727777777777778
1.011111111111111
1.2166666666666666
18.97222222222222
44.50555555555555
2.9
12.655555555555555
37.24444444444445
90.9888888888889
4.716666666666667
42.40555555555556
34.24444444444445
79.12777777777778
5.394444444444445
39.46666666666667
16.42222222222222
27.322222222222223
3.838888888888889
9.13888888888889
3.2
4.461111111111111
1.1222222222222222
0.6166666666666667
0.39444444444444443
0.5666666666666667
0.11666666666666667
0.022222222222222223
3.077777777777778
21.15
2.716666666666667
0.6111111111111112
1.6
41.21111111111111
6.677777777777778
1.1111111111111112
4.866666666666666
66.42222222222222
13.872222222222222
4.061111111111111
15.738888888888889
77.96111111111111
19.97222222222222
7.694444444444445
20.18888888888889
51.75555555555555
18.733333333333334
5.777777777777778
11.555555555555555
14.133333333333333
7.5
2.0444444444444443
1.0777777777777777
1.6666666666666667
1.0166666666666666
0.31666666666666665
10.261111111111111
74.82222222222222
9.572222222222223
2.7333333333333334
3.8944444444444444
99.23333333333333
18.0
1.961111111111111
9.427777777777777
103.22222222222223
29.35
1.4555555555555555
32.35
77.91666666666667
45.46111111111111
5.016666666666667
34.727777777777774
33.53333333333333
43.022222222222226
4.55
11.216666666666667
7.966666666666667
12.205555555555556
1.1555555555555554
0.8611111111111112
0.7388888888888889
0.9666666666666667
0.2
4.95
38.75555555555555
5.133333333333334
1.238888888888889
6.016666666666667
29.77777777777778
10.722222222222221
0.40555555555555556
25.7
29.744444444444444
38.71666666666667
1.1166666666666667
40.50555555555555
27.522222222222222
65.89444444444445
2.7111111111111112
18.122222222222224
10.083333333333334
28.77777777777778
1.5944444444444446
1.9166666666666667
0.9555555555555556
3.5555555555555554
0.12777777777777777
1.4
0.9166666666666666
0.8055555555555556
0.06666666666666667
3.4
6.7444444444444445
5.788888888888889
0.044444444444444446
17.022222222222222
19.494444444444444
29.633333333333333
0.46111111111111114
33.96111111111111
42.30555555555556
55.95
5.861111111111111
30.866666666666667
48.75555555555555
32.416666666666664
18.63888888888889
16.011111111111113
13.683333333333334
5.094444444444444
13.922222222222222
2.5944444444444446
2.161111111111111
0.9333333333333333
1.8222222222222222
10.916666666666666
12.877777777777778
11.166666666666666
0.7277777777777777
25.11111111111111
35.19444444444444
33.06111111111111
0.12222222222222222
25.27777777777778
37.272222222222226
52.483333333333334
0.6333333333333333
16.833333333333332
51.42777777777778
35.4
7.894444444444445
31.977777777777778
48.105555555555554
8.194444444444445
34.67777777777778
39.66111111111111
26.816666666666666
2.0944444444444446
37.50555555555555
10.438888888888888
28.92222222222222
9.177777777777777
8.694444444444445
31.966666666666665
59.0
45.766666666666666
2.1666666666666665
117.60555555555555
131.9611111111111
55.672222222222224
3.65
38.50555555555555
35.84444444444444
39.19444444444444
0.25555555555555554
9.222222222222221
15.63888888888889
10.905555555555555
2.7333333333333334
29.644444444444446
18.516666666666666
1.5666666666666667
23.005555555555556
47.33888888888889
73.87222222222222
3.2888888888888888
48.233333333333334
24.211111111111112
131.07777777777778
25.07777777777778
21.4
49.705555555555556
124.61666666666666
62.727777777777774
3.15