1.1611111111111112
1.1777777777777778
0.13333333333333333
0.15
16.988888888888887
7.272222222222222
0.40555555555555556
2.388888888888889
86.56666666666666
29.06111111111111
3.7
12.738888888888889
115.32777777777778
48.13333333333333
9.694444444444445
16.233333333333334
35.66111111111111
51.71111111111111
7.25
6.188888888888889
3.55
49.38333333333333
5.233333333333333
2.1666666666666665
9.027777777777779
53.25
5.611111111111111
3.0444444444444443
0.3333333333333333
1.35
0.13333333333333333
0.016666666666666666
5.855555555555555
2.838888888888889
0.21666666666666667
0.9333333333333333
51.31666666666667
11.488888888888889
2.1444444444444444
8.016666666666667
78.05555555555556
40.727777777777774
8.5
14.794444444444444
26.033333333333335
98.28333333333333
12.21111111111111
7.405555555555556
2.727777777777778
111.86111111111111
11.25
4.05
14.511111111111111
112.56666666666666
11.61111111111111
5.9
0.1
1.5944444444444446
0.21666666666666667
0.022222222222222223
2.327777777777778
3.161111111111111
0.12222222222222222
0.4
37.34444444444444
8.722222222222221
0.8833333333333333
5.383333333333334
91.27777777777777
22.711111111111112
5.194444444444445
15.25
47.49444444444445
41.7
6.272222222222222
8.355555555555556
4.283333333333333
41.916666666666664
3.638888888888889
1.6944444444444444
3.638888888888889
41.21666666666667
3.761111111111111
1.75
6.988888888888889
39.44444444444444
9.972222222222221
0.48333333333333334
1.1166666666666667
57.35
7.2444444444444445
1.8333333333333333
22.466666666666665
59.37222222222222
5.061111111111111
5.955555555555556
76.35555555555555
34.388888888888886
5.65
15.238888888888889
58.30555555555556
23.394444444444446
2.011111111111111
15.477777777777778
9.35
15.35
0.23333333333333334
5.566666666666666
0.8
7.144444444444445
0.05555555555555555
1.8333333333333333
65.53888888888889
87.68333333333334
30.483333333333334
4.683333333333334
10.394444444444444
102.72222222222223
18.366666666666667
4.072222222222222
13.666666666666666
102.39444444444445
7.283333333333333
10.766666666666667
46.03333333333333
53.84444444444444
7.455555555555556
16.833333333333332
42.07222222222222
48.63333333333333
4.972222222222222
21.788888888888888
12.822222222222223
57.9
1.1833333333333333
25.516666666666666
10.383333333333333
46.28333333333333
0.5166666666666667
19.95
122.97222222222223
60.577777777777776
14.683333333333334
22.7
25.716666666666665
40.18888888888889
7.544444444444444
11.683333333333334
21.627777777777776
36.75555555555555
5.644444444444445
6.527777777777778
65.07222222222222
25.783333333333335
12.35
7.761111111111111
51.23888888888889
33.47222222222222
9.105555555555556
11.416666666666666
18.06111111111111
53.522222222222226
1.9777777777777779
26.394444444444446
36.83888888888889
72.35
1.6666666666666667
36.62222222222222
84.98333333333333
80.59444444444445
1.4555555555555555
47.91111111111111
30.766666666666666
143.2111111111111
3.4055555555555554
43.93888888888889
25.738888888888887
165.51666666666668
22.988888888888887
15.322222222222223
63.91111111111111
96.29444444444445
39.827777777777776
3.466666666666667
53.7
35.87222222222222
18.88888888888889
3.4722222222222223
18.305555555555557
23.95
2.327777777777778
10.05
40.361111111111114
53.85
1.8888888888888888
20.566666666666666