161.9777777777778
122.93333333333334
2.7111111111111112
12.055555555555555
75.16666666666667
47.35
1.5166666666666666
8.722222222222221
33.166666666666664
14.75
0.8722222222222222
3.577777777777778
11.572222222222223
3.1166666666666667
0.34444444444444444
1.211111111111111
0.8111111111111111
0.22777777777777777
0.016666666666666666
0.12222222222222222
0.0
0.0
0.0
0.0
0.0
0.0
0.0
0.0
115.18333333333334
19.42222222222222
2.938888888888889
2.522222222222222
62.19444444444444
7.977777777777778
1.8444444444444446
1.7833333333333334
32.31111111111111
3.161111111111111
0.8444444444444444
0.8166666666666667
10.9
0.34444444444444444
0.25
0.3277777777777778
0.9944444444444445
0.03888888888888889
0.022222222222222223
0.011111111111111112
0.0
0.0
0.0
0.0
0.13333333333333333
0.07777777777777778
0.022222222222222223
0.0
117.55
16.738888888888887
2.688888888888889
2.0
61.766666666666666
7.066666666666666
1.8777777777777778
1.511111111111111
31.238888888888887
2.7888888888888888
0.85
0.6
10.511111111111111
0.5055555555555555
0.4777777777777778
0.17222222222222222
0.9166666666666666
0.03888888888888889
0.022222222222222223
0.0
0.03888888888888889
0.05
0.044444444444444446
0.0
0.4666666666666667
0.6888888888888889
0.4222222222222222
0.0
112.2611111111111
23.405555555555555
2.4833333333333334
4.183333333333334
61.23888888888889
8.816666666666666
1.3944444444444444
3.161111111111111
31.016666666666666
3.7
0.6722222222222223
1.4333333333333333
10.55
0.7777777777777778
0.37222222222222223
0.45555555555555555
0.6722222222222223
0.05555555555555555
0.1111111111111111
0.027777777777777776
0.6
0.5722222222222222
0.5833333333333334
0.0
5.7
7.605555555555555
3.188888888888889
0.21666666666666667
97.58333333333333
27.622222222222224
1.3611111111111112
6.733333333333333
59.727777777777774
14.011111111111111
0.6055555555555555
7.6
34.48888888888889
7.938888888888889
0.3611111111111111
4.633333333333334
12.416666666666666
2.3
0.3055555555555556
1.5
2.0555555555555554
1.7555555555555555
1.0722222222222222
0.21666666666666667
3.4
7.6
5.033333333333333
0.0
21.455555555555556
32.272222222222226
17.0
0.6277777777777778
67.15
29.57777777777778
0.21666666666666667
8.922222222222222
51.12777777777778
24.27777777777778
0.08888888888888889
14.205555555555556
36.67777777777778
24.266666666666666
0.23333333333333334
13.277777777777779
17.83888888888889
22.02777777777778
1.8
6.288888888888889
8.15
24.7
7.411111111111111
1.6944444444444444
10.066666666666666
32.766666666666666
16.211111111111112
0.3
35.00555555555555
60.13333333333333
28.47222222222222
0.4888888888888889
35.166666666666664
30.072222222222223
0.011111111111111112
8.65
40.81666666666667
62.62777777777778
0.044444444444444446
22.31111111111111
34.16111111111111
118.01666666666667
1.0944444444444446
27.55
23.294444444444444
160.00555555555556
7.883333333333334
18.094444444444445
20.205555555555556
154.89444444444445
20.166666666666668
6.5777777777777775
23.444444444444443
122.66111111111111
25.055555555555557
2.35
43.22222222222222
114.5
26.966666666666665
2.2666666666666666