42.794444444444444
73.76666666666667
1.5722222222222222
25.72222222222222
26.233333333333334
37.983333333333334
1.5
25.45
10.677777777777777
15.627777777777778
2.5444444444444443
9.583333333333334
13.827777777777778
17.455555555555556
16.011111111111113
1.35
51.455555555555556
48.59444444444444
44.93333333333333
3.0833333333333335
62.583333333333336
64.71666666666667
36.01111111111111
5.377777777777778
38.5
41.611111111111114
11.35
3.05
21.68888888888889
37.56111111111111
1.1833333333333333
21.488888888888887
25.555555555555557
44.74444444444445
3.6666666666666665
31.333333333333332
21.227777777777778
40.0
16.85
14.511111111111111
24.833333333333332
38.72222222222222
48.74444444444445
1.8555555555555556
26.866666666666667
38.833333333333336
49.01111111111111
0.2222222222222222
12.227777777777778
24.122222222222224
18.377777777777776
0.29444444444444445
4.272222222222222
13.666666666666666
4.288888888888889
0.37222222222222223
6.644444444444445
12.377777777777778
3.1777777777777776
4.711111111111111
19.52777777777778
30.266666666666666
16.816666666666666
9.544444444444444
30.866666666666667
48.63333333333333
44.15555555555556
6.7
26.261111111111113
55.1
47.97222222222222
2.1333333333333333
11.63888888888889
55.02777777777778
24.45
1.0833333333333333
4.516666666666667
51.68888888888889
10.994444444444444
1.3222222222222222
18.177777777777777
61.12777777777778
9.411111111111111
4.316666666666666
11.316666666666666
47.916666666666664
21.22222222222222
1.0888888888888888
19.35
48.78333333333333
37.94444444444444
2.6555555555555554
21.883333333333333
73.49444444444444
39.87222222222222
5.227777777777778
13.427777777777777
99.40555555555555
32.6
4.022222222222222
13.166666666666666
92.57777777777778
27.183333333333334
4.294444444444444
14.988888888888889
70.97222222222223
25.38888888888889
3.683333333333333
33.205555555555556
78.37222222222222
27.394444444444446
4.45
18.488888888888887
101.43333333333334
31.91111111111111
2.911111111111111
6.7555555555555555
64.61111111111111
28.97222222222222
1.4388888888888889
7.338888888888889
65.68888888888888
23.461111111111112
1.988888888888889
21.488888888888887
64.10555555555555
31.283333333333335
2.2111111111111112
34.57222222222222
52.15
43.96111111111111
3.0944444444444446
19.55
38.355555555555554
30.7
1.238888888888889
11.994444444444444
30.255555555555556
15.9
0.3611111111111111
7.227777777777778
43.35
9.177777777777777
1.5
3.2888888888888888
18.52777777777778
7.283333333333333
0.45555555555555555
17.366666666666667
12.733333333333333
7.477777777777778
2.0555555555555554
57.0
19.32777777777778
23.677777777777777
6.216666666666667
52.00555555555555
21.761111111111113
26.033333333333335
6.166666666666667
14.172222222222222
11.522222222222222
9.311111111111112
1.6611111111111112
3.1444444444444444
4.527777777777778
2.188888888888889
0.15
0.5277777777777778
2.1333333333333333
0.2777777777777778
0.15
1.988888888888889
2.0055555555555555
0.28888888888888886
0.75
16.294444444444444
8.738888888888889
1.3666666666666667
7.522222222222222
46.37222222222222
43.73888888888889
3.861111111111111
35.294444444444444
39.022222222222226
115.52222222222223
3.966666666666667
56.48888888888889
12.911111111111111
165.89444444444445
4.083333333333333
35.78888888888889
24.31111111111111
195.05
11.0
20.194444444444443