1.8944444444444444
2.3555555555555556
0.18888888888888888
0.08333333333333333
24.644444444444446
13.144444444444444
0.9444444444444444
3.9
86.72222222222223
38.22222222222222
1.9944444444444445
18.727777777777778
91.22222222222223
45.855555555555554
2.783333333333333
22.794444444444444
34.08888888888889
41.53333333333333
6.5055555555555555
7.227777777777778
17.994444444444444
53.96666666666667
10.077777777777778
0.7722222222222223
42.05555555555556
79.17777777777778
10.688888888888888
2.8333333333333335
5.872222222222222
31.63888888888889
2.8833333333333333
0.7388888888888889
7.761111111111111
42.69444444444444
6.694444444444445
1.85
33.06666666666667
48.75555555555555
10.544444444444444
7.988888888888889
44.733333333333334
43.55
8.572222222222223
15.277777777777779
27.783333333333335
61.18333333333333
12.372222222222222
9.45
17.255555555555556
75.59444444444445
16.444444444444443
2.316666666666667
29.483333333333334
83.34444444444445
14.083333333333334
2.3444444444444446
17.05
103.8
8.772222222222222
3.088888888888889
4.677777777777778
100.37222222222222
15.416666666666666
1.2777777777777777
7.761111111111111
91.45555555555555
17.294444444444444
3.0
19.17222222222222
64.32222222222222
9.305555555555555
17.18888888888889
32.43333333333333
52.58888888888889
7.8277777777777775
27.883333333333333
22.466666666666665
54.00555555555555
8.588888888888889
16.305555555555557
13.88888888888889
47.27777777777778
6.1722222222222225
4.805555555555555
7.683333333333334
64.98333333333333
5.427777777777778
1.7944444444444445
0.9111111111111111
43.78333333333333
6.8277777777777775
0.3888888888888889
0.6777777777777778
31.627777777777776
5.3277777777777775
0.9888888888888889
7.716666666666667
24.727777777777778
2.338888888888889
10.916666666666666
24.1
37.144444444444446
2.0944444444444446
33.227777777777774
22.83888888888889
54.916666666666664
3.3555555555555556
34.355555555555554
16.47222222222222
61.73888888888889
2.933333333333333
20.844444444444445
8.061111111111112
41.888888888888886
1.4
8.772222222222222
2.6277777777777778
12.061111111111112
0.6722222222222223
5.516666666666667
0.5166666666666667
2.9722222222222223
0.18888888888888888
1.2777777777777777
1.3333333333333333
2.327777777777778
0.4222222222222222
1.1277777777777778
7.044444444444444
12.716666666666667
1.9277777777777778
7.366666666666666
10.88888888888889
34.36666666666667
2.7
13.533333333333333
12.977777777777778
58.72222222222222
3.061111111111111
14.683333333333334
20.822222222222223
81.98333333333333
1.5222222222222221
28.283333333333335
11.283333333333333
50.74444444444445
1.211111111111111
34.394444444444446
4.444444444444445
32.766666666666666
0.22777777777777777
20.183333333333334
0.8111111111111111
19.155555555555555
0.10555555555555556
6.35
1.1555555555555554
12.71111111111111
0.6777777777777778
1.9333333333333333
1.7055555555555555
12.627777777777778
1.4
0.9111111111111111
3.3777777777777778
17.02777777777778
2.4166666666666665
1.011111111111111
11.194444444444445
37.18333333333333
0.4444444444444444
17.766666666666666
15.927777777777777
67.87777777777778
0.6222222222222222
42.26111111111111
14.811111111111112
121.85
0.35
51.24444444444445
8.444444444444445
163.46666666666667
0.9222222222222223
34.03333333333333
8.911111111111111
169.65555555555557
3.7944444444444443
15.805555555555555
14.494444444444444
133.79444444444445
6.105555555555555
7.138888888888889
30.67222222222222
106.4
9.277777777777779
4.905555555555556