7.8277777777777775
16.844444444444445
1.2333333333333334
1.5944444444444446
35.77777777777778
39.86666666666667
3.95
9.85
80.49444444444444
64.17222222222222
7.4222222222222225
27.6
55.26111111111111
69.99444444444444
9.222222222222221
22.68888888888889
19.677777777777777
83.80555555555556
14.61111111111111
5.461111111111111
18.244444444444444
73.88888888888889
11.555555555555555
2.2555555555555555
15.716666666666667
36.75555555555555
3.5166666666666666
1.3888888888888888
15.055555555555555
66.47222222222223
8.566666666666666
1.4388888888888889
12.855555555555556
81.93888888888888
16.466666666666665
2.7055555555555557
23.305555555555557
78.43333333333334
17.3
9.372222222222222
34.12222222222222
54.84444444444444
10.811111111111112
16.844444444444445
32.92777777777778
63.38333333333333
13.78888888888889
10.822222222222223
17.516666666666666
61.96111111111111
11.427777777777777
3.261111111111111
16.61111111111111
49.34444444444444
6.794444444444444
2.0833333333333335
16.522222222222222
76.92222222222222
8.733333333333333
1.7666666666666666
5.316666666666666
68.61666666666666
13.166666666666666
0.9777777777777777
10.511111111111111
61.52777777777778
11.583333333333334
5.366666666666666
41.35
45.577777777777776
9.133333333333333
18.894444444444446
44.19444444444444
44.416666666666664
8.872222222222222
18.927777777777777
20.97222222222222
63.42777777777778
13.994444444444444
7.05
28.427777777777777
92.47777777777777
20.105555555555554
3.466666666666667
6.177777777777778
41.25
4.844444444444444
1.4055555555555554
3.588888888888889
71.38333333333334
12.905555555555555
1.0
4.705555555555556
96.14444444444445
22.544444444444444
1.1166666666666667
18.772222222222222
90.08888888888889
22.716666666666665
6.733333333333333
28.06111111111111
67.9888888888889
12.511111111111111
19.583333333333332
29.494444444444444
67.31666666666666
12.188888888888888
19.57777777777778
30.916666666666668
86.10555555555555
16.22222222222222
10.955555555555556
6.0777777777777775
51.583333333333336
5.4944444444444445
2.2666666666666666
3.4722222222222223
70.31111111111112
12.494444444444444
1.6666666666666667
1.1888888888888889
73.75555555555556
16.15
0.5277777777777778
2.7111111111111112
54.522222222222226
11.05
2.683333333333333
14.65
42.13333333333333
5.9222222222222225
17.35
26.45
53.06111111111111
4.411111111111111
31.1
31.86111111111111
84.66111111111111
5.161111111111111
29.794444444444444
14.594444444444445
84.07222222222222
2.6555555555555554
20.955555555555556
5.355555555555555
38.34444444444444
1.7833333333333334
16.594444444444445
1.4833333333333334
20.127777777777776
0.9777777777777777
7.466666666666667
0.8555555555555555
10.022222222222222
0.9222222222222223
2.522222222222222
4.072222222222222
13.877777777777778
2.077777777777778
4.116666666666666
8.088888888888889
30.11111111111111
2.488888888888889
9.544444444444444
15.05
60.31111111111111
3.922222222222222
13.55
16.755555555555556
84.73333333333333
1.6444444444444444
34.46666666666667
10.016666666666667
107.36111111111111
1.4944444444444445
52.361111111111114
5.338888888888889
155.1888888888889
1.461111111111111
47.922222222222224
5.594444444444444
174.1611111111111
2.738888888888889
29.727777777777778
8.683333333333334
148.45
4.938888888888889
13.527777777777779
9.383333333333333
100.47777777777777
5.183333333333334
6.111111111111111
14.1
72.21111111111111
7.805555555555555
3.161111111111111