4.838888888888889
1.4333333333333333
0.03888888888888889
0.3
49.233333333333334
11.722222222222221
1.6166666666666667
3.8833333333333333
55.76111111111111
13.044444444444444
2.966666666666667
4.683333333333334
30.977777777777778
5.7
1.8333333333333333
2.1222222222222222
135.68333333333334
21.66111111111111
4.772222222222222
13.238888888888889
97.51666666666667
28.42222222222222
8.05
11.522222222222222
31.36111111111111
37.861111111111114
10.561111111111112
2.238888888888889
8.272222222222222
6.294444444444444
0.8611111111111112
0.5388888888888889
71.03333333333333
10.855555555555556
4.061111111111111
6.394444444444445
76.18333333333334
16.533333333333335
6.783333333333333
7.444444444444445
21.355555555555554
29.005555555555556
10.411111111111111
1.9944444444444445
75.03888888888889
27.17222222222222
17.522222222222222
6.055555555555555
57.861111111111114
46.75
20.816666666666666
7.727777777777778
31.4
74.55
20.25
4.055555555555555
14.122222222222222
76.91666666666667
10.844444444444445
2.85
53.93333333333333
44.11666666666667
17.622222222222224
6.983333333333333
54.016666666666666
56.49444444444445
22.211111111111112
9.966666666666667
17.52777777777778
93.28888888888889
28.55
3.411111111111111
57.016666666666666
53.81666666666667
23.905555555555555
8.194444444444445
50.05
41.68888888888889
21.38888888888889
4.461111111111111
17.155555555555555
57.81666666666667
12.694444444444445
1.7666666666666666
21.3
140.85555555555555
22.666666666666668
6.211111111111111
48.62777777777778
62.75555555555555
20.27777777777778
10.161111111111111
65.5111111111111
39.766666666666666
21.694444444444443
7.4944444444444445
24.68888888888889
44.78888888888889
13.96111111111111
2.6277777777777778
89.37777777777778
24.77777777777778
11.827777777777778
7.0055555555555555
65.6
11.21111111111111
8.222222222222221
2.933333333333333
4.738888888888889
8.1
1.3611111111111112
0.044444444444444446
11.883333333333333
46.62222222222222
9.422222222222222
3.0388888888888888
76.10555555555555
15.255555555555556
6.272222222222222
10.088888888888889
99.78888888888889
4.311111111111111
3.827777777777778
12.86111111111111
24.944444444444443
3.65
1.9055555555555554
3.2666666666666666
46.97222222222222
14.488888888888889
6.816666666666666
3.9555555555555557
31.694444444444443
8.744444444444444
3.8333333333333335
1.961111111111111
2.422222222222222
2.161111111111111
0.9555555555555556
0.22777777777777777
4.277777777777778
2.7
0.5111111111111111
0.4111111111111111
55.15555555555556
2.75
0.9611111111111111
13.688888888888888
88.28333333333333
8.588888888888889
1.55
32.766666666666666
19.677777777777777
13.622222222222222
0.8333333333333334
15.78888888888889
5.227777777777778
14.877777777777778
1.9388888888888889
3.3222222222222224
3.3944444444444444
14.916666666666666
3.311111111111111
0.9777777777777777
7.333333333333333
25.433333333333334
8.28888888888889
1.5
1.1722222222222223
0.4166666666666667
0.0
0.24444444444444444
23.07777777777778
4.972222222222222
0.2388888888888889
12.066666666666666
49.71111111111111
48.67777777777778
0.7722222222222223
55.583333333333336
19.483333333333334
144.4777777777778
1.3777777777777778
49.42777777777778
4.3277777777777775
191.69444444444446
7.611111111111111
17.511111111111113
6.872222222222222
187.74444444444444
16.81111111111111
6.627777777777778
53.4
202.33333333333334
33.62777777777778
7.016666666666667