0.4111111111111111
0.05
0.027777777777777776
0.0
6.877777777777778
1.1388888888888888
1.65
0.0
54.166666666666664
8.194444444444445
20.716666666666665
1.3555555555555556
105.05
17.52777777777778
47.25555555555555
4.711111111111111
45.327777777777776
10.738888888888889
25.155555555555555
3.077777777777778
5.611111111111111
2.811111111111111
4.155555555555556
0.3888888888888889
0.7166666666666667
0.5333333333333333
0.31666666666666665
0.022222222222222223
1.1722222222222223
0.28888888888888886
0.16111111111111112
0.0
15.761111111111111
2.8833333333333333
6.711111111111111
0.044444444444444446
61.53888888888889
6.85
38.09444444444444
0.11666666666666667
51.72222222222222
5.611111111111111
41.90555555555556
0.11666666666666667
7.6722222222222225
1.4722222222222223
9.366666666666667
0.06666666666666667
0.3
0.18888888888888888
0.6222222222222222
0.022222222222222223
2.35
0.6722222222222223
0.6111111111111112
0.044444444444444446
5.25
1.7777777777777777
1.2944444444444445
0.0
38.56111111111111
8.627777777777778
18.905555555555555
0.46111111111111114
70.84444444444445
18.13888888888889
47.87777777777778
2.45
27.583333333333332
21.31111111111111
22.88888888888889
5.916666666666667
4.216666666666667
7.4
1.738888888888889
4.788888888888889
1.1722222222222223
0.25555555555555554
0.18888888888888888
0.4388888888888889
7.45
2.033333333333333
2.7111111111111112
0.29444444444444445
19.927777777777777
7.933333333333334
7.9
0.027777777777777776
53.71111111111111
17.88888888888889
33.88333333333333
1.8166666666666667
42.78888888888889
42.611111111111114
42.74444444444445
9.333333333333334
29.25
53.00555555555555
18.52777777777778
25.083333333333332
30.08888888888889
12.372222222222222
1.3166666666666667
19.344444444444445
7.294444444444444
1.1055555555555556
1.538888888888889
1.8166666666666667
26.86111111111111
13.272222222222222
15.577777777777778
1.0555555555555556
52.84444444444444
24.57777777777778
23.677777777777777
0.1
42.105555555555554
21.233333333333334
38.11666666666667
1.6444444444444444
23.27777777777778
33.394444444444446
35.333333333333336
6.683333333333334
51.333333333333336
24.15
9.55
28.733333333333334
68.44444444444444
8.38888888888889
2.6277777777777778
29.55
19.6
9.294444444444444
11.75
5.977777777777778
52.644444444444446
33.88333333333333
53.36666666666667
1.8944444444444444
94.66111111111111
37.05555555555556
32.111111111111114
0.5944444444444444
44.388888888888886
14.161111111111111
28.072222222222223
0.13333333333333333
13.627777777777778
6.9944444444444445
10.183333333333334
1.75
41.49444444444445
3.488888888888889
1.3055555555555556
18.166666666666668
70.55555555555556
15.472222222222221
3.738888888888889
34.355555555555554
33.394444444444446
30.783333333333335
26.127777777777776
11.883333333333333
56.416666666666664
37.577777777777776
64.2611111111111
1.4333333333333333
169.57777777777778
119.08888888888889
31.272222222222222
6.805555555555555
49.61666666666667
16.066666666666666
14.455555555555556
0.005555555555555556
4.022222222222222
0.9222222222222223
1.011111111111111
0.32222222222222224
22.566666666666666
4.394444444444445
0.18888888888888888
10.03888888888889
57.19444444444444
45.455555555555556
5.1
30.883333333333333
44.5
79.86111111111111
28.044444444444444
15.338888888888889
48.12777777777778
45.888888888888886
37.30555555555556
0.9444444444444444