1.511111111111111
3.977777777777778
0.2833333333333333
0.3611111111111111
25.93888888888889
11.5
0.9722222222222222
3.3
122.74444444444444
30.227777777777778
5.072222222222222
15.144444444444444
116.41111111111111
18.516666666666666
5.2555555555555555
13.294444444444444
16.627777777777776
6.738888888888889
3.672222222222222
1.6166666666666667
2.9277777777777776
13.955555555555556
2.8944444444444444
2.2777777777777777
3.1944444444444446
8.683333333333334
0.3
3.611111111111111
6.844444444444444
35.43333333333333
6.977777777777778
1.3
15.061111111111112
37.71666666666667
9.183333333333334
2.3944444444444444
80.97222222222223
23.255555555555556
9.6
6.15
89.12777777777778
9.577777777777778
12.577777777777778
6.205555555555556
19.33888888888889
30.93888888888889
28.983333333333334
1.35
5.844444444444444
65.35555555555555
19.233333333333334
13.722222222222221
20.761111111111113
40.93888888888889
1.5722222222222222
34.81666666666667
28.105555555555554
100.58333333333333
23.794444444444444
4.661111111111111
30.105555555555554
66.66111111111111
20.927777777777777
6.516666666666667
67.73333333333333
31.68888888888889
16.033333333333335
7.666666666666667
71.48333333333333
24.0
37.861111111111114
7.5
22.7
48.59444444444444
59.75
1.8111111111111111
6.366666666666666
61.67777777777778
19.16111111111111
15.027777777777779
92.92777777777778
46.28888888888889
3.7222222222222223
67.39444444444445
38.955555555555556
60.42777777777778
19.72222222222222
4.083333333333333
53.144444444444446
35.8
23.622222222222224
5.788888888888889
54.87222222222222
28.205555555555556
24.094444444444445
6.938888888888889
59.016666666666666
21.466666666666665
41.69444444444444
5.477777777777778
18.166666666666668
16.0
26.716666666666665
0.95
3.5555555555555554
11.216666666666667
4.727777777777778
3.5444444444444443
173.68333333333334
14.527777777777779
13.161111111111111
33.416666666666664
49.388888888888886
23.35
21.788888888888888
1.65
46.583333333333336
28.43888888888889
30.066666666666666
2.988888888888889
56.80555555555556
28.883333333333333
24.18888888888889
6.611111111111111
77.7611111111111
7.972222222222222
13.7
4.944444444444445
17.705555555555556
1.2833333333333334
3.7444444444444445
0.6333333333333333
8.116666666666667
1.1444444444444444
6.877777777777778
0.1388888888888889
163.7888888888889
8.516666666666667
49.16111111111111
4.7444444444444445
65.11111111111111
39.53888888888889
30.238888888888887
2.3333333333333335
41.733333333333334
27.4
28.627777777777776
1.7833333333333334
78.81111111111112
15.816666666666666
12.783333333333333
6.0777777777777775
94.85555555555555
2.7444444444444445
3.85
5.305555555555555
21.066666666666666
1.1111111111111112
2.261111111111111
0.9944444444444445
24.133333333333333
6.661111111111111
27.961111111111112
0.26666666666666666
96.05555555555556
16.0
74.32777777777778
0.5055555555555555
56.85
59.15
19.38888888888889
5.622222222222222
35.477777777777774
21.833333333333332
12.333333333333334
3.1444444444444444
97.20555555555555
24.466666666666665
7.177777777777778
10.55
115.52777777777777
23.45
6.227777777777778
9.35
37.53333333333333
9.71111111111111
10.733333333333333
2.1222222222222222
49.91111111111111
24.32777777777778
51.333333333333336
1.8944444444444444
48.31666666666667
19.68888888888889
50.49444444444445
0.45555555555555555