71.65
152.59444444444443
5.5
6.933333333333334
26.36111111111111
156.34444444444443
5.116666666666666
7.366666666666666
18.1
165.95555555555555
3.3944444444444444
8.772222222222222
16.127777777777776
155.36111111111111
1.5444444444444445
10.555555555555555
17.677777777777777
130.46666666666667
1.6611111111111112
12.572222222222223
21.31111111111111
87.86666666666666
1.7166666666666666
10.083333333333334
25.066666666666666
45.705555555555556
1.3777777777777778
6.0055555555555555
9.205555555555556
38.583333333333336
1.2
2.088888888888889
3.0555555555555554
37.36666666666667
1.5222222222222221
2.4
2.911111111111111
42.15
0.9722222222222222
4.055555555555555
4.0777777777777775
47.84444444444444
0.6777777777777778
6.177777777777778
6.277777777777778
50.111111111111114
1.0833333333333333
8.705555555555556
9.3
42.416666666666664
1.211111111111111
7.694444444444445
12.794444444444444
32.25555555555555
1.9
4.8277777777777775
0.4
2.7055555555555557
0.12777777777777777
0.05555555555555555
0.1388888888888889
2.8722222222222222
0.25
0.18333333333333332
0.19444444444444445
4.694444444444445
0.37777777777777777
0.5555555555555556
0.8388888888888889
7.727777777777778
0.4777777777777778
1.4444444444444444
1.6777777777777778
10.633333333333333
0.5444444444444444
2.1222222222222222
2.2055555555555557
11.422222222222222
0.5
1.8166666666666667
3.6444444444444444
10.15
0.8166666666666667
1.1333333333333333
3.7055555555555557
13.9
0.5888888888888889
1.3055555555555556
1.2277777777777779
5.35
0.3611111111111111
1.2722222222222221
0.55
1.6
0.18333333333333332
0.4222222222222222
0.2
0.8333333333333334
0.1388888888888889
0.08333333333333333
0.08888888888888889
0.8611111111111112
0.1
0.12777777777777777
0.09444444444444444
1.4
0.14444444444444443
0.16111111111111112
0.45
2.2666666666666666
0.4777777777777778
0.06111111111111111
23.866666666666667
62.71111111111111
1.261111111111111
12.03888888888889
8.583333333333334
27.66111111111111
0.2222222222222222
10.655555555555555
3.7777777777777777
14.077777777777778
0.03888888888888889
4.738888888888889
1.1611111111111112
5.616666666666666
0.05555555555555555
1.5
0.42777777777777776
3.2222222222222223
0.3
0.37222222222222223
0.7611111111111111
5.233333333333333
1.1222222222222222
0.08333333333333333
4.783333333333333
14.794444444444444
2.683333333333333
0.5722222222222222
40.205555555555556
66.63888888888889
0.6611111111111111
18.038888888888888
21.77777777777778
50.983333333333334
0.19444444444444445
19.822222222222223
13.338888888888889
48.68888888888889
0.16111111111111112
13.433333333333334
8.044444444444444
45.727777777777774
0.5222222222222223
5.794444444444444
5.583333333333333
44.422222222222224
1.7444444444444445
2.05
6.611111111111111
43.422222222222224
4.277777777777778
0.9444444444444444
31.677777777777777
64.02222222222223
7.655555555555556
2.5555555555555554
36.31111111111111
45.58888888888889
0.5
10.144444444444444
33.22222222222222
80.56111111111112
0.18333333333333332
17.27777777777778
26.677777777777777
124.31111111111112
0.6055555555555555
16.961111111111112
16.11111111111111
154.11666666666667
1.8
11.261111111111111
10.877777777777778
164.14444444444445
4.616666666666666
6.1722222222222225
13.372222222222222
156.7
8.35
3.7222222222222223
96.15555555555555
181.53333333333333
18.716666666666665
4.594444444444444