44.12222222222222
130.28333333333333
10.172222222222222
5.066666666666666
29.633333333333333
100.42222222222222
16.5
4.222222222222222
75.88333333333334
66.88888888888889
24.122222222222224
6.816666666666666
63.733333333333334
19.627777777777776
13.588888888888889
3.5055555555555555
44.03888888888889
10.094444444444445
3.15
4.105555555555555
64.32777777777778
25.35
3.7666666666666666
12.988888888888889
27.95
17.35
1.1222222222222222
10.811111111111112
27.794444444444444
95.11111111111111
15.144444444444444
5.105555555555555
42.59444444444444
52.705555555555556
22.27777777777778
4.2555555555555555
75.3
17.816666666666666
27.705555555555556
4.2444444444444445
31.255555555555556
1.488888888888889
11.733333333333333
0.6333333333333333
44.166666666666664
3.4555555555555557
4.95
3.0388888888888888
74.4888888888889
18.655555555555555
7.477777777777778
17.855555555555554
40.92777777777778
33.36666666666667
2.838888888888889
30.566666666666666
20.75
40.333333333333336
10.272222222222222
1.6888888888888889
67.91111111111111
18.42222222222222
23.06111111111111
1.1722222222222223
79.83888888888889
5.677777777777778
26.633333333333333
0.9722222222222222
18.633333333333333
0.5555555555555556
6.716666666666667
0.09444444444444444
57.49444444444445
2.6055555555555556
12.488888888888889
1.4333333333333333
88.08333333333333
16.288888888888888
18.105555555555554
16.677777777777777
51.87777777777778
48.18888888888889
4.805555555555555
47.87222222222222
31.133333333333333
11.405555555555555
5.55
0.23333333333333334
90.3
7.85
20.16111111111111
0.25555555555555554
67.20555555555555
2.4555555555555557
15.88888888888889
0.17222222222222222
15.494444444444444
1.0055555555555555
6.533333333333333
0.0
72.52777777777777
3.183333333333333
27.405555555555555
0.4166666666666667
80.53888888888889
8.844444444444445
23.83888888888889
7.933333333333334
43.327777777777776
36.827777777777776
3.8
37.55555555555556
48.36666666666667
7.122222222222222
4.966666666666667
0.7777777777777778
102.87222222222222
5.188888888888889
12.094444444444445
2.088888888888889
57.02777777777778
1.4666666666666666
8.416666666666666
1.1777777777777778
24.927777777777777
2.0055555555555555
18.822222222222223
0.011111111111111112
77.83333333333333
3.3333333333333335
43.90555555555556
0.1388888888888889
47.227777777777774
2.716666666666667
20.038888888888888
2.138888888888889
21.52777777777778
18.194444444444443
2.022222222222222
13.811111111111112
52.172222222222224
5.966666666666667
1.9833333333333334
3.388888888888889
97.67222222222222
6.983333333333333
4.294444444444444
12.161111111111111
56.93888888888889
6.822222222222222
12.172222222222222
8.877777777777778
39.422222222222224
6.438888888888889
43.26111111111111
0.6555555555555556
58.37777777777778
3.3777777777777778
48.65555555555556
0.03333333333333333
16.805555555555557
0.7166666666666667
9.777777777777779
0.5555555555555556
7.022222222222222
4.866666666666666
0.9277777777777778
1.8388888888888888
38.833333333333336
16.772222222222222
0.40555555555555556
8.622222222222222
74.61111111111111
51.25555555555555
5.0
34.82222222222222
60.327777777777776
105.11111111111111
31.294444444444444
36.93333333333333
50.41111111111111
69.50555555555556
68.10555555555555
4.855555555555555
34.59444444444444
8.694444444444445
34.96111111111111
0.005555555555555556
3.3722222222222222
0.4777777777777778
2.3
0.06111111111111111
1.0555555555555556
1.5
0.2
0.17777777777777778