107.14444444444445
38.022222222222226
5.483333333333333
9.772222222222222
17.916666666666668
12.46111111111111
3.7888888888888888
2.2333333333333334
20.35
81.36111111111111
17.294444444444444
4.972222222222222
22.91111111111111
154.85555555555555
23.344444444444445
10.233333333333333
39.40555555555556
167.2722222222222
22.044444444444444
14.2
38.733333333333334
134.95555555555555
14.494444444444444
11.172222222222222
29.372222222222224
66.2611111111111
5.738888888888889
4.75
163.90555555555557
21.3
8.827777777777778
7.977777777777778
19.22222222222222
6.305555555555555
1.988888888888889
1.6388888888888888
6.316666666666666
30.405555555555555
6.788888888888889
1.8111111111111111
24.85
48.34444444444444
11.844444444444445
5.25
64.63333333333334
43.58888888888889
12.894444444444444
14.03888888888889
34.84444444444444
51.794444444444444
9.938888888888888
9.71111111111111
15.783333333333333
57.75555555555555
9.522222222222222
3.55
196.3
9.88888888888889
7.733333333333333
4.977777777777778
22.944444444444443
8.522222222222222
2.2944444444444443
2.0944444444444446
10.0
57.388888888888886
9.8
4.366666666666666
16.622222222222224
94.87222222222222
18.35
6.4
52.09444444444444
56.50555555555555
16.32777777777778
13.583333333333334
43.18333333333333
61.11666666666667
15.522222222222222
8.477777777777778
20.61111111111111
77.07777777777778
13.977777777777778
3.1444444444444444
199.15555555555557
7.722222222222222
5.466666666666667
5.722222222222222
23.127777777777776
6.55
2.4555555555555557
1.9
5.111111111111111
38.75555555555555
8.316666666666666
2.5833333333333335
13.872222222222222
59.455555555555556
10.772222222222222
5.144444444444445
75.21111111111111
34.63333333333333
8.805555555555555
12.783333333333333
68.04444444444445
21.31111111111111
6.277777777777778
8.955555555555556
15.172222222222222
22.144444444444446
3.422222222222222
2.638888888888889
193.2
8.455555555555556
3.8055555555555554
10.416666666666666
30.58888888888889
2.8944444444444444
3.9722222222222223
2.3777777777777778
18.8
31.6
21.216666666666665
1.5166666666666666
15.11111111111111
79.77777777777777
20.466666666666665
6.322222222222222
49.922222222222224
54.47222222222222
11.016666666666667
14.1
53.0
35.36666666666667
4.477777777777778
20.07777777777778
21.85
48.172222222222224
1.6
19.61111111111111
171.75555555555556
12.86111111111111
3.466666666666667
16.505555555555556
46.75
2.6944444444444446
4.555555555555555
5.9
67.90555555555555
21.022222222222222
22.155555555555555
14.15
37.166666666666664
60.22222222222222
20.855555555555554
14.1
52.6
47.666666666666664
12.36111111111111
12.85
44.016666666666666
43.31666666666667
9.366666666666667
18.166666666666668
39.47222222222222
86.70555555555555
3.6222222222222222
42.2
139.38333333333333
38.3
5.877777777777778
21.461111111111112
47.3
7.916666666666667
2.5722222222222224
9.577777777777778
63.02777777777778
35.08888888888889
3.638888888888889
45.05555555555556
44.766666666666666
125.07777777777778
15.488888888888889
47.01111111111111
58.62222222222222
112.81666666666666
38.583333333333336
9.633333333333333
55.922222222222224
51.3
21.31111111111111
6.566666666666666
49.03333333333333
69.92222222222222
5.15
24.105555555555554