23.55
48.80555555555556
5.072222222222222
0.39444444444444443
25.52777777777778
62.93333333333333
8.75
0.2777777777777778
35.80555555555556
98.57777777777778
11.96111111111111
0.5888888888888889
34.43333333333333
126.61666666666666
9.472222222222221
2.466666666666667
32.583333333333336
130.87777777777777
3.811111111111111
7.872222222222222
40.333333333333336
103.58333333333333
0.6
13.838888888888889
58.12777777777778
69.48333333333333
0.011111111111111112
14.988888888888889
43.25555555555555
81.55555555555556
16.772222222222222
2.1055555555555556
20.36111111111111
61.144444444444446
16.977777777777778
0.20555555555555555
17.733333333333334
59.516666666666666
13.21111111111111
0.22777777777777777
11.161111111111111
59.4
6.561111111111111
0.8888888888888888
9.516666666666667
59.50555555555555
2.0
5.177777777777778
24.066666666666666
53.477777777777774
0.4888888888888889
16.133333333333333
98.74444444444444
52.31666666666667
0.8111111111111111
28.283333333333335
39.15555555555556
81.72777777777777
19.444444444444443
4.383333333333334
10.661111111111111
38.75555555555555
14.522222222222222
0.10555555555555556
7.227777777777778
23.694444444444443
7.522222222222222
0.022222222222222223
3.3722222222222222
13.305555555555555
2.188888888888889
0.022222222222222223
2.466666666666667
10.516666666666667
0.5833333333333334
1.0222222222222221
24.183333333333334
18.988888888888887
2.066666666666667
6.905555555555556
154.75
27.67222222222222
7.3277777777777775
18.738888888888887
14.4
33.577777777777776
6.877777777777778
2.688888888888889
2.338888888888889
9.383333333333333
4.811111111111111
0.03333333333333333
0.9333333333333333
2.7222222222222223
1.5222222222222221
0.0
0.2222222222222222
0.6055555555555555
0.42777777777777776
0.0
2.1055555555555556
1.5777777777777777
3.1166666666666667
0.0
27.47222222222222
12.833333333333334
11.88888888888889
0.3277777777777778
143.99444444444444
28.566666666666666
25.58888888888889
2.327777777777778
2.4611111111111112
5.0777777777777775
0.8111111111111111
0.35
0.3388888888888889
1.038888888888889
0.7055555555555556
0.016666666666666666
0.12777777777777777
0.4111111111111111
0.40555555555555556
0.0
1.45
1.9666666666666666
3.061111111111111
0.0
9.75
8.55
17.233333333333334
0.0
32.855555555555554
25.788888888888888
32.08888888888889
0.0
81.84444444444445
45.25555555555555
32.93333333333333
0.022222222222222223
0.4777777777777778
0.75
0.09444444444444444
0.0
0.26666666666666666
1.0333333333333334
0.43333333333333335
0.0
1.75
3.1055555555555556
2.7222222222222223
0.011111111111111112
9.472222222222221
9.755555555555556
15.222222222222221
0.06111111111111111
24.56111111111111
20.81111111111111
38.99444444444445
0.022222222222222223
30.15
29.16111111111111
37.81111111111111
0.0
31.961111111111112
31.116666666666667
18.31111111111111
0.0
1.3944444444444444
1.9333333333333333
0.35
0.13333333333333333
5.177777777777778
4.6
1.7944444444444445
0.5166666666666667
25.927777777777777
25.877777777777776
11.161111111111111
1.7333333333333334
52.522222222222226
61.03888888888889
37.87222222222222
1.9222222222222223
51.833333333333336
56.16111111111111
47.705555555555556
0.5666666666666667
27.983333333333334
26.872222222222224
23.22222222222222
0.05555555555555555
8.327777777777778
8.811111111111112
4.572222222222222
0.0