0.4777777777777778
7.4
0.7722222222222223
0.18333333333333332
0.12222222222222222
9.2
1.1777777777777778
0.0
8.466666666666667
18.322222222222223
2.716666666666667
0.9833333333333333
78.60555555555555
39.75555555555555
5.95
10.844444444444445
114.13333333333334
53.15555555555556
7.116666666666666
19.183333333333334
37.41111111111111
57.955555555555556
7.0055555555555555
7.75
22.755555555555556
98.81111111111112
12.11111111111111
5.111111111111111
7.566666666666666
94.03888888888889
11.25
2.5555555555555554
0.37222222222222223
84.95555555555555
15.522222222222222
0.25
2.4555555555555557
102.86666666666666
17.166666666666668
0.5888888888888889
29.105555555555554
89.36666666666666
16.68888888888889
6.116666666666666
57.16111111111111
53.43888888888889
14.344444444444445
12.311111111111112
27.455555555555556
86.41111111111111
14.7
5.122222222222222
20.52777777777778
142.5888888888889
16.894444444444446
4.711111111111111
13.816666666666666
147.48333333333332
21.194444444444443
5.461111111111111
2.1333333333333333
98.66111111111111
23.266666666666666
0.5277777777777778
3.0055555555555555
105.75
22.36111111111111
1.1277777777777778
25.166666666666668
94.63888888888889
16.65
8.855555555555556
75.88333333333334
43.016666666666666
12.05
12.327777777777778
46.78888888888889
33.727777777777774
7.011111111111111
3.838888888888889
9.811111111111112
43.88333333333333
4.211111111111111
0.9166666666666666
7.855555555555555
32.766666666666666
6.661111111111111
1.6944444444444444
23.11111111111111
24.82777777777778
21.166666666666668
1.6055555555555556
26.733333333333334
65.69444444444444
37.55
3.5444444444444443
31.183333333333334
84.62777777777778
19.55
14.261111111111111
77.14444444444445
33.02777777777778
8.077777777777778
16.727777777777778
53.077777777777776
8.95
1.9722222222222223
6.811111111111111
10.78888888888889
4.533333333333333
0.16666666666666666
1.488888888888889
9.616666666666667
2.272222222222222
1.538888888888889
1.7833333333333334
50.43333333333333
14.977777777777778
13.03888888888889
14.227777777777778
53.294444444444444
49.31111111111111
20.794444444444444
22.122222222222224
37.422222222222224
58.455555555555556
16.177777777777777
14.522222222222222
72.7611111111111
26.36111111111111
11.672222222222222
11.45
55.827777777777776
9.372222222222222
3.0444444444444443
6.844444444444444
19.08888888888889
5.944444444444445
0.6222222222222222
1.6444444444444444
3.5555555555555554
1.1555555555555554
0.11666666666666667
1.4166666666666667
18.433333333333334
14.727777777777778
1.3611111111111112
15.466666666666667
20.166666666666668
64.1
5.166666666666667
28.355555555555554
24.38888888888889
86.57222222222222
18.416666666666668
14.311111111111112
62.455555555555556
36.977777777777774
21.316666666666666
6.916666666666667
54.71111111111111
11.75
8.416666666666666
3.066666666666667
20.166666666666668
6.638888888888889
1.6777777777777778
0.9166666666666666
0.5444444444444444
1.7555555555555555
0.1388888888888889
0.3277777777777778
2.611111111111111
15.65
2.738888888888889
2.811111111111111
8.766666666666667
56.47222222222222
16.883333333333333
6.066666666666666
36.394444444444446
91.45555555555555
47.81666666666667
5.311111111111111
70.17777777777778
64.08333333333333
51.483333333333334
3.011111111111111
40.17777777777778
24.066666666666666
16.633333333333333
0.8111111111111111
11.78888888888889
8.966666666666667
2.7944444444444443
0.25