13.55
41.91111111111111
5.266666666666667
2.161111111111111
77.21666666666667
37.333333333333336
18.288888888888888
4.705555555555556
99.47222222222223
52.416666666666664
27.566666666666666
6.533333333333333
37.266666666666666
47.53888888888889
16.988888888888887
3.7944444444444443
16.705555555555556
26.88888888888889
5.444444444444445
4.405555555555556
9.377777777777778
29.016666666666666
1.7222222222222223
7.761111111111111
8.416666666666666
32.51111111111111
1.5611111111111111
8.311111111111112
25.844444444444445
125.37777777777778
14.777777777777779
7.333333333333333
49.611111111111114
63.888888888888886
30.761111111111113
6.816666666666666
38.68333333333333
61.077777777777776
30.833333333333332
5.872222222222222
11.455555555555556
53.53888888888889
14.61111111111111
2.438888888888889
11.027777777777779
34.33888888888889
5.955555555555556
4.011111111111111
8.911111111111111
47.611111111111114
3.0388888888888888
11.55
10.994444444444444
65.91666666666667
2.438888888888889
17.505555555555556
44.18888888888889
74.09444444444445
19.877777777777776
4.55
74.58333333333333
30.805555555555557
34.47222222222222
3.727777777777778
30.63888888888889
17.42222222222222
17.81111111111111
1.2944444444444445
5.838888888888889
15.027777777777779
3.3944444444444444
1.3722222222222222
28.844444444444445
33.672222222222224
4.844444444444444
8.45
29.455555555555556
59.416666666666664
5.266666666666667
14.727777777777778
16.283333333333335
83.78888888888889
4.1722222222222225
19.244444444444444
56.42777777777778
31.36111111111111
22.394444444444446
1.6166666666666667
66.27222222222223
10.372222222222222
25.538888888888888
0.9833333333333333
19.133333333333333
4.105555555555555
6.9222222222222225
0.2611111111111111
7.85
11.166666666666666
2.411111111111111
1.961111111111111
63.53333333333333
20.366666666666667
6.0055555555555555
11.394444444444444
68.06666666666666
21.572222222222223
5.305555555555555
11.733333333333333
18.272222222222222
26.805555555555557
1.9333333333333333
6.844444444444444
39.62222222222222
30.788888888888888
13.522222222222222
1.6777777777777778
37.62777777777778
12.333333333333334
12.727777777777778
1.5444444444444445
20.633333333333333
25.2
17.044444444444444
0.8555555555555555
13.566666666666666
68.37222222222222
19.08888888888889
5.216666666666667
53.15555555555556
58.67777777777778
13.472222222222221
16.33888888888889
62.8
34.96666666666667
6.916666666666667
21.005555555555556
21.005555555555556
40.05555555555556
1.6888888888888889
16.67222222222222
15.11111111111111
13.316666666666666
3.261111111111111
0.8555555555555555
27.372222222222224
6.816666666666666
6.194444444444445
2.9055555555555554
62.00555555555555
20.405555555555555
20.68888888888889
8.61111111111111
45.0
56.88333333333333
25.066666666666666
9.583333333333334
56.28333333333333
51.7
17.372222222222224
14.1
52.172222222222224
46.455555555555556
11.766666666666667
22.416666666666668
37.9
82.96111111111111
4.122222222222222
38.12777777777778
6.516666666666667
4.633333333333334
0.8111111111111111
0.8166666666666667
20.61111111111111
5.433333333333334
1.6111111111111112
7.2444444444444445
68.4
34.78888888888889
5.305555555555555
42.07222222222222
66.32777777777778
116.19444444444444
21.9
49.01111111111111
71.95555555555555
107.22777777777777
52.0
12.938888888888888
65.76666666666667
43.794444444444444
30.372222222222224
9.61111111111111
41.49444444444445
59.733333333333334
6.061111111111111
22.31111111111111