5.572222222222222
57.77777777777778
4.211111111111111
1.4722222222222223
25.38888888888889
48.21111111111111
10.444444444444445
1.8888888888888888
88.79444444444445
61.37222222222222
20.211111111111112
10.066666666666666
72.08888888888889
83.54444444444445
21.444444444444443
12.511111111111111
26.177777777777777
75.66111111111111
16.316666666666666
5.788888888888889
10.505555555555556
34.18333333333333
6.344444444444444
2.3777777777777778
3.172222222222222
8.35
0.95
0.7833333333333333
16.63888888888889
153.55
12.45
4.627777777777778
23.583333333333332
97.96111111111111
18.488888888888887
4.688888888888889
45.766666666666666
55.33888888888889
27.72222222222222
6.0055555555555555
25.333333333333332
66.58888888888889
23.38888888888889
3.888888888888889
7.205555555555556
67.38333333333334
14.155555555555555
2.7111111111111112
6.611111111111111
37.13333333333333
8.022222222222222
1.9111111111111112
5.0055555555555555
15.738888888888889
3.4722222222222223
1.1722222222222223
15.35
72.58888888888889
7.983333333333333
2.2555555555555555
42.71666666666667
51.63333333333333
15.894444444444444
5.866666666666666
62.42777777777778
54.44444444444444
22.566666666666666
12.55
19.83888888888889
53.394444444444446
13.927777777777777
8.816666666666666
6.688888888888889
43.05555555555556
18.88888888888889
4.222222222222222
9.522222222222222
47.41111111111111
28.322222222222223
2.188888888888889
11.63888888888889
41.62222222222222
15.86111111111111
2.3444444444444446
10.877777777777778
14.688888888888888
2.6555555555555554
0.9
27.477777777777778
34.32222222222222
10.355555555555556
5.811111111111111
33.483333333333334
69.16111111111111
19.177777777777777
15.822222222222223
23.655555555555555
82.39444444444445
21.616666666666667
17.211111111111112
25.61111111111111
63.86666666666667
32.53888888888889
11.305555555555555
22.02777777777778
52.144444444444446
34.80555555555556
6.122222222222222
9.36111111111111
36.577777777777776
14.927777777777777
1.7666666666666666
5.3
11.561111111111112
3.9611111111111112
0.6222222222222222
13.227777777777778
28.394444444444446
18.072222222222223
1.7055555555555555
22.68888888888889
48.03888888888889
44.21666666666667
4.022222222222222
27.727777777777778
57.18333333333333
42.01111111111111
7.555555555555555
44.416666666666664
46.78888888888889
19.872222222222224
16.755555555555556
33.144444444444446
27.13888888888889
9.13888888888889
14.088888888888889
7.405555555555556
12.772222222222222
3.7333333333333334
3.1333333333333333
20.894444444444446
17.36111111111111
7.622222222222222
1.8777777777777778
36.37777777777778
25.644444444444446
25.233333333333334
3.4555555555555557
37.916666666666664
29.622222222222224
38.477777777777774
4.094444444444444
22.13888888888889
25.516666666666666
22.583333333333332
3.75
25.916666666666668
27.555555555555557
8.13888888888889
7.911111111111111
19.683333333333334
25.272222222222222
5.066666666666666
7.4222222222222225
10.25
32.83888888888889
7.227777777777778
3.8833333333333333
28.877777777777776
28.02777777777778
2.533333333333333
9.705555555555556
44.638888888888886
63.044444444444444
6.372222222222222
30.61111111111111
34.955555555555556
135.1888888888889
6.944444444444445
40.3
12.177777777777777
193.71666666666667
6.338888888888889
22.77777777777778
3.861111111111111
210.24444444444444
12.272222222222222
8.022222222222222
4.338888888888889
200.00555555555556
22.466666666666665
3.066666666666667
35.77777777777778
237.23333333333332
39.71111111111111
7.455555555555556