0.8611111111111112
1.4333333333333333
0.15
0.1111111111111111
26.772222222222222
5.433333333333334
2.4055555555555554
1.1
94.45555555555555
20.255555555555556
10.1
4.488888888888889
71.01666666666667
18.988888888888887
9.283333333333333
3.522222222222222
32.17777777777778
8.238888888888889
2.5
5.727777777777778
66.59444444444445
17.633333333333333
1.8055555555555556
27.966666666666665
52.12777777777778
19.394444444444446
0.9222222222222223
32.922222222222224
4.733333333333333
33.06666666666667
4.0
0.5666666666666667
25.605555555555554
31.45
10.955555555555556
1.5333333333333334
69.84444444444445
32.19444444444444
18.983333333333334
5.0777777777777775
43.46111111111111
45.55
11.016666666666667
10.338888888888889
19.15
25.144444444444446
2.6222222222222222
12.694444444444445
41.01111111111111
10.094444444444445
1.1666666666666667
30.15
69.1
19.5
0.75
57.05
18.583333333333332
115.52222222222223
17.41111111111111
3.1055555555555556
31.08888888888889
76.71666666666667
24.93888888888889
5.111111111111111
49.13333333333333
51.205555555555556
29.57777777777778
6.75
35.672222222222224
73.52222222222223
14.522222222222222
17.994444444444444
57.9
36.827777777777776
3.438888888888889
26.655555555555555
41.21111111111111
6.983333333333333
0.8944444444444445
21.18888888888889
82.16111111111111
22.211111111111112
1.2166666666666666
61.05555555555556
21.733333333333334
78.46666666666667
16.627777777777776
3.0833333333333335
63.827777777777776
37.18888888888889
30.42222222222222
4.0055555555555555
60.72222222222222
20.427777777777777
29.02777777777778
2.2666666666666666
39.977777777777774
19.355555555555554
8.355555555555556
7.5777777777777775
107.74444444444444
9.344444444444445
6.944444444444445
14.866666666666667
49.9
2.8722222222222222
3.3777777777777778
7.9944444444444445
58.87222222222222
18.91111111111111
1.9666666666666666
34.37222222222222
33.42777777777778
22.877777777777776
20.0
0.55
76.0111111111111
14.766666666666667
39.33888888888889
0.8722222222222222
42.43888888888889
4.4944444444444445
17.283333333333335
0.35
44.43888888888889
1.1277777777777778
9.455555555555556
0.5
111.87222222222222
1.488888888888889
19.81111111111111
1.6166666666666667
42.077777777777776
0.9888888888888889
6.238888888888889
1.3722222222222222
23.855555555555554
8.7
1.3722222222222222
9.094444444444445
51.62777777777778
37.327777777777776
31.105555555555554
1.0166666666666666
56.25
15.344444444444445
27.522222222222222
2.783333333333333
27.916666666666668
6.866666666666666
8.505555555555556
3.588888888888889
55.47222222222222
5.683333333333334
25.08888888888889
1.0
88.12777777777778
2.65
31.35
0.11666666666666667
22.966666666666665
0.9611111111111111
5.627777777777778
0.15555555555555556
6.733333333333333
2.7944444444444443
0.6277777777777778
1.4444444444444444
52.81666666666667
50.416666666666664
20.761111111111113
2.838888888888889
41.06111111111111
27.783333333333335
11.472222222222221
9.25
48.394444444444446
64.18333333333334
19.266666666666666
21.966666666666665
74.68888888888888
71.55555555555556
58.3
11.633333333333333
60.6
17.544444444444444
37.272222222222226
0.6722222222222223
9.105555555555556
1.038888888888889
3.611111111111111
0.011111111111111112
3.6555555555555554
0.6
0.10555555555555556
0.5722222222222222