26.894444444444446
116.82222222222222
10.383333333333333
6.166666666666667
11.96111111111111
150.0611111111111
17.383333333333333
3.716666666666667
21.82777777777778
165.6611111111111
27.433333333333334
5.7555555555555555
50.85
128.74444444444444
36.422222222222224
10.805555555555555
54.922222222222224
68.13333333333334
27.56111111111111
7.805555555555555
25.35
24.205555555555556
7.677777777777778
2.8222222222222224
6.594444444444444
5.122222222222222
0.7333333333333333
0.5166666666666667
9.4
43.916666666666664
4.3277777777777775
2.2555555555555555
9.994444444444444
38.75
11.155555555555555
1.0222222222222221
34.33888888888889
35.85
33.827777777777776
1.05
45.12777777777778
26.45
46.477777777777774
1.6333333333333333
21.511111111111113
15.338888888888889
21.877777777777776
0.8277777777777777
4.733333333333333
7.138888888888889
4.288888888888889
0.37222222222222223
0.7555555555555555
1.85
0.36666666666666664
0.2388888888888889
4.588888888888889
10.3
4.127777777777778
0.2722222222222222
23.3
20.233333333333334
21.605555555555554
0.8277777777777777
42.84444444444444
39.855555555555554
44.85
2.6944444444444446
26.322222222222223
63.71111111111111
34.172222222222224
2.9055555555555554
6.388888888888889
73.20555555555555
11.38888888888889
5.338888888888889
1.5
54.59444444444444
1.8222222222222222
11.383333333333333
4.205555555555556
27.538888888888888
0.3888888888888889
11.311111111111112
15.633333333333333
45.355555555555554
23.933333333333334
0.9444444444444444
22.57777777777778
47.422222222222224
39.144444444444446
1.5888888888888888
19.288888888888888
69.88888888888889
36.4
4.355555555555555
6.566666666666666
100.49444444444444
23.427777777777777
3.411111111111111
1.1222222222222222
107.98333333333333
8.922222222222222
9.327777777777778
5.366666666666666
96.07777777777778
2.261111111111111
28.45
50.53333333333333
78.85
2.5722222222222224
47.922222222222224
21.694444444444443
82.38333333333334
34.05
2.272222222222222
6.955555555555556
42.138888888888886
29.355555555555554
0.7277777777777777
1.9166666666666667
33.31666666666667
16.505555555555556
0.7166666666666667
0.40555555555555556
24.85
6.75
0.35
0.17222222222222222
21.67222222222222
2.327777777777778
1.9944444444444445
10.272222222222222
31.72222222222222
6.977777777777778
10.294444444444444
127.56666666666666
58.45
24.33888888888889
32.53333333333333
10.594444444444445
42.861111111111114
11.322222222222223
2.0555555555555554
2.022222222222222
12.094444444444445
6.15
1.2
0.4888888888888889
4.45
1.7277777777777779
0.5777777777777777
0.36666666666666664
5.761111111111111
3.816666666666667
0.1
1.8444444444444446
16.583333333333332
16.155555555555555
0.027777777777777776
12.588888888888889
35.87777777777778
38.96111111111111
0.21666666666666667
84.44444444444444
59.2
56.48888888888889
2.388888888888889
6.733333333333333
23.63888888888889
1.4055555555555554
3.6
6.533333333333333
43.077777777777776
3.65
5.9944444444444445
8.116666666666667
78.95
12.322222222222223
7.544444444444444
10.333333333333334
112.3
34.6
4.588888888888889
13.094444444444445
111.47777777777777
64.0
1.5944444444444446
15.9
72.71666666666667
64.66111111111111
0.16666666666666666
21.5
41.96666666666667
36.31111111111111
0.044444444444444446