14.072222222222223
31.038888888888888
1.5055555555555555
4.272222222222222
25.761111111111113
73.7611111111111
2.9611111111111112
17.683333333333334
33.827777777777776
117.33333333333333
4.161111111111111
38.71111111111111
27.32777777777778
91.54444444444445
3.438888888888889
31.2
12.605555555555556
39.705555555555556
1.2777777777777777
8.377777777777778
3.727777777777778
12.183333333333334
0.17777777777777778
1.6888888888888889
1.2777777777777777
5.366666666666666
0.12222222222222222
0.6333333333333333
1.4166666666666667
4.738888888888889
0.45555555555555555
0.2222222222222222
1.788888888888889
9.11111111111111
0.8777777777777778
1.1222222222222222
4.75
20.41111111111111
1.988888888888889
4.338888888888889
7.666666666666667
35.44444444444444
2.988888888888889
6.677777777777778
5.0055555555555555
33.87777777777778
1.9833333333333334
4.333333333333333
2.066666666666667
21.622222222222224
0.4222222222222222
2.811111111111111
3.7555555555555555
10.494444444444444
0.11666666666666667
2.5
4.188888888888889
49.233333333333334
9.594444444444445
0.37222222222222223
1.1333333333333333
62.37777777777778
17.844444444444445
0.1111111111111111
0.7111111111111111
91.21111111111111
23.4
0.34444444444444444
0.7444444444444445
114.4
16.08888888888889
2.111111111111111
1.7222222222222223
116.03888888888889
5.105555555555555
9.688888888888888
5.738888888888889
89.42222222222222
1.2222222222222223
19.194444444444443
24.705555555555556
60.66111111111111
1.0944444444444446
22.927777777777777
11.633333333333333
144.63888888888889
29.205555555555556
1.7
1.761111111111111
92.75
32.0
0.16666666666666666
0.6055555555555555
79.7388888888889
23.083333333333332
0.2388888888888889
0.6166666666666667
69.35555555555555
9.855555555555556
1.5055555555555555
3.1333333333333333
65.36111111111111
2.55
7.411111111111111
19.8
67.0111111111111
2.6444444444444444
18.933333333333334
103.91666666666667
69.44444444444444
7.4222222222222225
34.52777777777778
4.583333333333333
55.422222222222224
9.266666666666667
0.9277777777777778
0.5222222222222223
14.561111111111112
5.416666666666667
0.044444444444444446
0.12777777777777777
3.827777777777778
1.488888888888889
0.011111111111111112
0.95
1.75
0.9944444444444445
0.027777777777777776
6.177777777777778
7.0777777777777775
5.177777777777778
0.3
30.455555555555556
27.88888888888889
14.344444444444445
1.6888888888888889
121.66111111111111
48.455555555555556
30.872222222222224
7.911111111111111
0.06666666666666667
0.35
0.07222222222222222
0.0
0.044444444444444446
0.9555555555555556
0.4
0.0
0.31666666666666665
3.311111111111111
2.3944444444444444
0.011111111111111112
3.6777777777777776
11.455555555555556
10.71111111111111
0.011111111111111112
15.95
31.866666666666667
27.85
0.0
29.927777777777777
52.62777777777778
35.233333333333334
0.0
53.40555555555556
57.827777777777776
30.461111111111112
0.11666666666666667
2.6277777777777778
13.972222222222221
2.0055555555555555
0.49444444444444446
4.366666666666666
25.044444444444444
6.1722222222222225
0.6833333333333333
12.45
52.01111111111111
21.27777777777778
1.05
26.305555555555557
84.87222222222222
49.62777777777778
1.1611111111111112
35.55555555555556
81.42222222222222
57.34444444444444
0.32222222222222224
24.272222222222222
48.05
29.63888888888889
0.03888888888888889
12.816666666666666
21.788888888888888
8.316666666666666
0.0