4.694444444444445
5.583333333333333
2.8722222222222222
0.07222222222222222
15.061111111111112
25.238888888888887
15.533333333333333
0.15555555555555556
34.4
72.15
32.43333333333333
1.4166666666666667
54.2
116.85
29.883333333333333
5.677777777777778
55.45
133.3111111111111
12.655555555555555
23.45
46.416666666666664
76.75555555555556
0.9055555555555556
43.67777777777778
25.22222222222222
25.644444444444446
0.08888888888888889
20.433333333333334
23.68888888888889
19.61111111111111
19.13888888888889
0.027777777777777776
26.805555555555557
38.37222222222222
45.43333333333333
0.12222222222222222
33.77777777777778
43.24444444444445
39.85
2.4055555555555554
79.63333333333334
27.13888888888889
20.883333333333333
6.1
50.544444444444444
24.177777777777777
10.45
10.005555555555556
34.57222222222222
27.383333333333333
0.9666666666666667
41.32222222222222
75.15555555555555
37.68333333333333
0.2111111111111111
45.50555555555555
80.07777777777778
36.394444444444446
38.733333333333334
0.3611111111111111
35.205555555555556
27.82777777777778
39.78888888888889
0.17777777777777778
42.394444444444446
14.116666666666667
20.594444444444445
1.1055555555555556
101.90555555555555
6.844444444444444
23.91111111111111
1.8722222222222222
43.394444444444446
2.7444444444444445
9.766666666666667
1.4166666666666667
25.066666666666666
6.4944444444444445
0.5166666666666667
13.355555555555556
145.38333333333333
27.433333333333334
0.85
39.333333333333336
143.12777777777777
38.455555555555556
29.366666666666667
5.405555555555556
32.19444444444444
13.2
14.03888888888889
1.4
54.61666666666667
9.1
22.82777777777778
0.3888888888888889
89.72777777777777
5.727777777777778
30.238888888888887
0.4722222222222222
22.583333333333332
0.9111111111111111
6.288888888888889
0.18333333333333332
17.2
2.272222222222222
0.9833333333333333
1.8444444444444446
185.61666666666667
12.25
7.605555555555555
14.227777777777778
142.73888888888888
44.672222222222224
9.744444444444444
23.7
28.916666666666668
32.02777777777778
15.027777777777779
7.727777777777778
56.22222222222222
21.083333333333332
39.31111111111111
0.37222222222222223
56.66111111111111
5.633333333333334
25.133333333333333
0.10555555555555556
8.405555555555555
0.34444444444444444
2.6
0.005555555555555556
21.416666666666668
3.9611111111111112
6.322222222222222
0.24444444444444444
169.31666666666666
19.116666666666667
26.038888888888888
2.65
81.30555555555556
51.516666666666666
2.7555555555555555
29.08888888888889
23.572222222222223
57.49444444444445
18.494444444444444
12.03888888888889
36.19444444444444
27.85
32.21666666666667
0.6722222222222223
25.916666666666668
3.95
12.377777777777778
0.044444444444444446
5.783333333333333
1.0333333333333334
4.461111111111111
0.0
35.34444444444444
7.622222222222222
23.355555555555554
0.08888888888888889
119.27222222222223
30.366666666666667
38.65
0.5222222222222223
34.72222222222222
41.205555555555556
1.3888888888888888
16.13888888888889
17.988888888888887
55.266666666666666
10.35
9.183333333333334
21.666666666666668
28.36111111111111
14.827777777777778
1.0888888888888888
13.783333333333333
6.927777777777778
5.916666666666667
0.16111111111111112
29.372222222222224
18.455555555555556
21.583333333333332
0.9555555555555556
70.61666666666666
36.638888888888886
52.16111111111111
1.5055555555555555
89.18333333333334
42.68888888888889
35.83888888888889
0.8333333333333334